"Berlin" (52.5167, 13.3833) 3644826
"Hamburg" (53.5500, 10.0000) 1841179
"Munich" (48.1372, 11.5755) 1471508
"Cologne" (50.9422, 6.9578) 1085664
"Frankfurt" (50.1136, 8.6797) 753056
"Bremen" (53.1153, 8.7975) 724909
"Dusseldorf" (51.2311, 6.7724) 645923
"Stuttgart" (48.7761, 9.1775) 634830
"Leipzig" (51.3333, 12.3833) 593197
"Dortmund" (51.5139, 7.4653) 587010
"Essen" (51.4508, 7.0131) 583109
"Dresden" (51.0500, 13.7400) 556549
"Hannover" (52.3744, 9.7386) 538068
"Nuremberg" (49.4539, 11.0775) 518365
"Duisburg" (51.4322, 6.7611) 498590
"Bochum" (51.4833, 7.2167) 364628
"Wuppertal" (51.2667, 7.1833) 354382
"Bielefeld" (52.0167, 8.5333) 333786
"Bonn" (50.7339, 7.0997) 327258
"Munster" (51.9625, 7.6256) 314319
"Karlsruhe" (49.0167, 8.4000) 313092
"Mannheim" (49.4878, 8.4661) 309370
"Augsburg" (48.3717, 10.8983) 295135
"Kassel" (51.3166, 9.4912) 289924
"Wiesbaden" (50.0825, 8.2400) 278342
"Monchengladbach" (51.2000, 6.4333) 261454
"Gelsenkirchen" (51.5167, 7.1000) 260654
"Braunschweig" (52.2692, 10.5211) 248292
"Aachen" (50.7762, 6.0838) 247380
"Kiel" (54.3233, 10.1394) 246794
"Chemnitz" (50.8333, 12.9167) 245403
"Halle" (51.4828, 11.9697) 239257
"Magdeburg" (52.1278, 11.6292) 238697
"Freiburg im Breisgau" (47.9947, 7.8497) 230241
"Krefeld" (51.3333, 6.5667) 227020
"Mainz" (50.0000, 8.2667) 217118
"Lubeck" (53.8697, 10.6864) 216530
"Oberhausen" (51.4699, 6.8514) 210829
"Rostock" (54.0833, 12.1333) 208886
"Erfurt" (50.9787, 11.0328) 203254
"Hagen" (51.3594, 7.4750) 188814
"Potsdam" (52.4000, 13.0667) 182219
"Saarbrucken" (49.2333, 7.0000) 180741
"Hamm" (51.6667, 7.8167) 179111
"Ludwigshafen" (49.4811, 8.4353) 172253
"Mulheim" (51.4275, 6.8825) 170880
"Oldenburg" (53.1439, 8.2139) 168210
"Osnabruck" (52.2789, 8.0431) 164748
"Leverkusen" (51.0333, 6.9833) 163838
"Heidelberg" (49.4122, 8.7100) 160355
"Solingen" (51.1667, 7.0833) 159360
"Darmstadt" (49.8667, 8.6500) 159207
"Herne" (51.5426, 7.2190) 156374
"Neuss" (51.2003, 6.6939) 153796
"Regensburg" (49.0167, 12.0833) 152610
"Paderborn" (51.7167, 8.7667) 150580
"Ingolstadt" (48.7636, 11.4261) 136981
"Wurzburg" (49.7944, 9.9294) 127880
"Furth" (49.4783, 10.9903) 127748
"Ulm" (48.3984, 9.9916) 126329
"Heilbronn" (49.1404, 9.2180) 125960
"Pforzheim" (48.8950, 8.7050) 125542
"Wolfsburg" (52.4231, 10.7872) 124151
"Gottingen" (51.5339, 9.9356) 119801
"Bottrop" (51.5232, 6.9253) 117383
"Reutlingen" (48.4833, 9.2167) 115966
"Koblenz" (50.3597, 7.5978) 114024
"Bremerhaven" (53.5500, 8.5833) 113634
"Recklinghausen" (51.6167, 7.2000) 112267
"Bergisch Gladbach" (50.9917, 7.1367) 111966
"Erlangen" (49.5964, 11.0044) 111962
"Jena" (50.9272, 11.5864) 111407
"Remscheid" (51.1802, 7.1872) 110994
"Trier" (49.7567, 6.6414) 110636
"Salzgitter" (52.1503, 10.3593) 104948
"Moers" (51.4592, 6.6197) 103725
"Siegen" (50.8756, 8.0167) 102836
"Hildesheim" (52.1500, 9.9500) 101990
"Cottbus" (51.7606, 14.3342) 100219
"Gutersloh" (51.9000, 8.3833) 100194
"Kaiserslautern" (49.4447, 7.7689) 100030
"Witten" (51.4333, 7.3333) 96563
"Hanau" (50.1328, 8.9169) 96023
"Schwerin" (53.6333, 11.4167) 95818
"Gera" (50.8782, 12.0824) 94152
"Esslingen" (48.7406, 9.3108) 93542
"Ludwigsburg" (48.8975, 9.1919) 93499
"Iserlohn" (51.3833, 7.6667) 92666
"Duren" (50.8000, 6.4833) 90733
"Tubingen" (48.5200, 9.0556) 90546
"Flensburg" (54.7819, 9.4367) 90164
"Zwickau" (50.7189, 12.4961) 89540
"Gießen" (50.5833, 8.6667) 88546
"Ratingen" (51.3000, 6.8500) 87297
"Lunen" (51.6167, 7.5167) 86348
"Villingen-Schwenningen" (48.0603, 8.4586) 85181
"Konstanz" (47.6633, 9.1753) 84760
"Marl" (51.6667, 7.1167) 83941
"Worms" (49.6319, 8.3653) 83330
"Velbert" (51.3400, 7.0416) 81984
"Minden" (52.2883, 8.9167) 81682
"Dessau-Roßlau" (51.8333, 12.2333) 81237
"Neumunster" (54.0714, 9.9900) 79487
"Norderstedt" (53.7064, 10.0103) 79159
"Delmenhorst" (53.0506, 8.6317) 77607
"Bamberg" (49.8917, 10.8917) 77592
"Viersen" (51.2556, 6.3917) 76905
"Marburg" (50.8167, 8.7667) 76851
"Rheine" (52.2833, 7.4333) 76107
"Wilhelmshaven" (53.5167, 8.1333) 76097
"Gladbeck" (51.5713, 6.9827) 75687
"Luneburg" (53.2525, 10.4144) 75351
"Troisdorf" (50.8161, 7.1556) 74903
"Dorsten" (51.6600, 6.9642) 74736
"Bayreuth" (49.9481, 11.5783) 74657
"Detmold" (51.9378, 8.8833) 74388
"Arnsberg" (51.3967, 8.0644) 73628
"Castrop-Rauxel" (51.5500, 7.3167) 73425
"Ludenscheid" (51.2198, 7.6273) 72611
"Landshut" (48.5397, 12.1508) 72404
"Brandenburg" (52.4117, 12.5561) 72124
"Bocholt" (51.8333, 6.6167) 71099
"Aschaffenburg" (49.9757, 9.1478) 70527
"Celle" (52.6256, 10.0825) 69602
"Kempten" (47.7333, 10.3167) 68907
"Fulda" (50.5528, 9.6775) 68586
"Aalen" (48.8372, 10.0936) 68456
"Lippstadt" (51.6667, 8.3500) 67901
"Dinslaken" (51.5667, 6.7333) 67525
"Herford" (52.1146, 8.6734) 66608
"Kerpen" (50.8719, 6.6961) 66206
"Russelsheim" (49.9950, 8.4119) 65440
"Weimar" (50.9833, 11.3167) 65090
"Plauen" (50.4950, 12.1383) 64931
"Sindelfingen" (48.7133, 9.0028) 64858
"Neuwied" (50.4286, 7.4614) 64574
"Dormagen" (51.0964, 6.8400) 64335
"Neubrandenburg" (53.5569, 13.2608) 64086
"Grevenbroich" (51.0883, 6.5875) 63620
"Rosenheim" (47.8561, 12.1289) 63324
"Herten" (51.6000, 7.1333) 61791
"Bergheim" (50.9667, 6.6500) 61612
"Schwabisch Gmund" (48.8000, 9.8000) 61186
"Friedrichshafen" (47.6542, 9.4792) 60865
"Garbsen" (52.4183, 9.5981) 60754
"Wesel" (51.6586, 6.6178) 60357
"Hurth" (50.8775, 6.8761) 60189
"Offenburg" (48.4708, 7.9408) 59646
"Stralsund" (54.3092, 13.0819) 59421
"Greifswald" (54.0833, 13.3833) 59382
"Langenfeld" (51.1167, 6.9500) 58927
"Neu-Ulm" (48.3833, 10.0000) 58707
"Unna" (51.5347, 7.6889) 58633
"Euskirchen" (50.6613, 6.7873) 57975
"Frankfurt (Oder)" (52.3500, 14.5500) 57873
"Goppingen" (48.7025, 9.6528) 57558
"Hameln" (52.1031, 9.3600) 57510
"Stolberg" (50.7667, 6.2333) 56792
"Eschweiler" (50.8167, 6.2833) 56385
"Gorlitz" (51.1528, 14.9872) 56324
"Langenhagen" (52.4394, 9.7400) 56288
"Meerbusch" (51.2667, 6.6667) 56189
"Sankt Augustin" (50.7700, 7.1867) 55767
"Hilden" (51.1714, 6.9394) 55764
"Waiblingen" (48.8303, 9.3169) 55449
"Baden-Baden" (48.7619, 8.2408) 55123
"Hattingen" (51.3992, 7.1858) 54562
"Lingen" (52.5233, 7.3172) 54422
"Bad Homburg" (50.2292, 8.6105) 54248
"Bad Salzuflen" (52.0875, 8.7506) 54127
"Pulheim" (51.0000, 6.8000) 54071
"Schweinfurt" (50.0500, 10.2333) 54032
"Nordhorn" (52.4333, 7.0667) 53403
"Neustadt" (49.3443, 8.1952) 53148
"Wetzlar" (50.5667, 8.5000) 52954
"Ahlen" (51.7633, 7.8911) 52582
"Frechen" (50.9167, 6.8167) 52473
"Passau" (48.5667, 13.4667) 52469
"Wolfenbuttel" (52.1622, 10.5369) 52174
"Ibbenburen" (52.2778, 7.7167) 51904
"Kleve" (51.7900, 6.1400) 51845
"Bad Kreuznach" (49.8469, 7.8669) 50948
"Goslar" (51.9060, 10.4292) 50753
"Gummersbach" (51.0333, 7.5667) 50688
"Ravensburg" (47.7831, 9.6114) 50623
"Willich" (51.2631, 6.5492) 50592
"Speyer" (49.3194, 8.4311) 50378
"Boblingen" (48.6833, 9.0000) 50155
"Peine" (52.3203, 10.2336) 49952
"Emden" (53.3669, 7.2061) 49913
"Elmshorn" (53.7547, 9.6536) 49883
"Erftstadt" (50.8167, 6.7667) 49801
"Rastatt" (48.8572, 8.2031) 49783
"Heidenheim" (48.6761, 10.1544) 49526
"Lorrach" (47.6156, 7.6614) 49347
"Leonberg" (48.8014, 9.0131) 48733
"Bergkamen" (51.6167, 7.6333) 48725
"Bad Oeynhausen" (52.2000, 8.8000) 48702
"Freising" (48.4028, 11.7489) 48634
"Rheda-Wiedenbruck" (51.8417, 8.3000) 48505
"Cuxhaven" (53.8667, 8.7000) 48356
"Bornheim" (50.7592, 7.0050) 48326
"Gronau" (52.2125, 7.0417) 48072
"Straubing" (48.8772, 12.5758) 47794
"Stade" (53.6008, 9.4764) 47533
"Soest" (51.5711, 8.1092) 47460
"Dachau" (48.2603, 11.4342) 47400
"Alsdorf" (50.8744, 6.1615) 47018
"Landau" (49.1994, 8.1231) 46677
"Dulmen" (51.8308, 7.2783) 46590
"Melle" (52.2031, 8.3361) 46493
"Neunkirchen" (49.3448, 7.1799) 46469
"Herzogenrath" (50.8667, 6.1000) 46402
"Schwerte" (51.4458, 7.5653) 46340
"Oberursel" (50.2028, 8.5769) 46248
"Wittenberg" (51.8671, 12.6484) 46008
"Hof" (50.3167, 11.9167) 45930
"Filderstadt" (48.6667, 9.2167) 45813
"Gotha" (50.9489, 10.7183) 45733
"Fellbach" (48.8086, 9.2758) 45671
"Bunde" (52.2000, 8.6000) 45521
"Albstadt" (48.2119, 9.0239) 45327
"Weinheim" (49.5561, 8.6697) 45284
"Rodgau" (50.0256, 8.8841) 45202
"Bruchsal" (49.1333, 8.6000) 44644
"Oranienburg" (52.7544, 13.2369) 44512
"Bruhl" (50.8333, 6.9000) 44397
"Erkrath" (51.2239, 6.9147) 44384
"Neustadt am Rubenberge" (52.5055, 9.4636) 44282
"Lehrte" (52.3725, 9.9769) 43999
"Kaufbeuren" (47.8800, 10.6225) 43893
"Falkensee" (52.5583, 13.0917) 43838
"Memmingen" (47.9878, 10.1811) 43837
"Kaarst" (51.2278, 6.6273) 43433
"Erkelenz" (51.0800, 6.3156) 43364
"Pinneberg" (53.6591, 9.8009) 43280
"Bietigheim-Bissingen" (48.9667, 9.1333) 43093
"Kamen" (51.5917, 7.6653) 42971
"Wismar" (53.8925, 11.4650) 42550
"Borken" (51.8439, 6.8583) 42530
"Gifhorn" (52.4886, 10.5464) 42519
"Nettetal" (51.3167, 6.2833) 42493
"Eisenach" (50.9747, 10.3244) 42370
"Dreieich" (50.0189, 8.6961) 42091
"Aurich" (53.4714, 7.4836) 41991
"Amberg" (49.4444, 11.8483) 41970
"Heinsberg" (51.0631, 6.0964) 41946
"Ansbach" (49.3000, 10.5833) 41847
"Homburg" (49.3167, 7.3333) 41811
"Nordhausen" (51.5050, 10.7911) 41791
"Wunstorf" (52.4238, 9.4359) 41594
"Seevetal" (53.3833, 10.0333) 41506
"Siegburg" (50.8014, 7.2044) 41463
"Laatzen" (52.3077, 9.8133) 41422
"Germering" (48.1333, 11.3667) 41387
"Coburg" (50.2585, 10.9579) 41249
"Konigswinter" (50.6833, 7.1833) 41243
"Nurtingen" (48.6267, 9.3353) 41093
"Freiberg" (50.9119, 13.3428) 40885
"Schwabach" (49.3292, 11.0208) 40792
"Lemgo" (52.0277, 8.9043) 40696
"Kirchheim unter Teck" (48.6483, 9.4511) 40523
"Bensheim" (49.6811, 8.6228) 40456
"Schwabisch Hall" (49.1122, 9.7375) 40440
"Weißenfels" (51.2000, 11.9667) 40409
"Pirmasens" (49.2000, 7.6000) 40403
"Eberswalde" (52.8331, 13.8331) 40387
"Halberstadt" (51.8958, 11.0467) 40256
"Buxtehude" (53.4769, 9.7011) 40150
"Leinfelden-Echterdingen" (48.6928, 9.1428) 40092
"Neumarkt" (49.2833, 11.4667) 40002
"Huckelhoven" (51.0608, 6.2197) 39931
"Hofheim" (50.0876, 8.4447) 39766
"Lohne" (52.2000, 8.7000) 39697
"Schorndorf" (48.8000, 9.5333) 39634
"Stendal" (52.6000, 11.8500) 39439
"Freital" (51.0167, 13.6500) 39405
"Volklingen" (49.2500, 6.8333) 39374
"Ettlingen" (48.9333, 8.4000) 39339
"Ostfildern" (48.7228, 9.2631) 39321
"Maintal" (50.1500, 8.8333) 39298
"Buchholz in der Nordheide" (53.3285, 9.8621) 39272
"Ahaus" (52.0794, 7.0134) 39223
"Ilmenau" (50.6872, 10.9142) 39017
"Mettmann" (51.2500, 6.9667) 38829
"Wurselen" (50.8247, 6.1275) 38712
"Bitterfeld" (51.6167, 12.3167) 38475
"Bautzen" (51.1814, 14.4239) 38329
"Pirna" (50.9622, 13.9403) 38316
"Niederkassel" (50.8167, 7.0333) 38218
"Langen" (49.9893, 8.6803) 37902
"Greven" (52.0917, 7.6083) 37692
"Furstenfeldbruck" (48.1778, 11.2556) 37677
"Neu Isenburg" (50.0558, 8.6971) 37668
"Papenburg" (53.0667, 7.4000) 37579
"Kamp-Lintfort" (51.5000, 6.5333) 37391
"Backnang" (48.9464, 9.4306) 37253
"Warendorf" (51.9539, 7.9933) 37226
"Konigs Wusterhausen" (52.2917, 13.6250) 37190
"Suhl" (50.6106, 10.6931) 36955
"Beckum" (51.7558, 8.0408) 36646
"Erding" (48.3001, 11.9082) 36469
"Coesfeld" (51.9458, 7.1675) 36217
"Muhlhausen" (51.2167, 10.4500) 36200
"Wesseling" (50.8207, 6.9786) 36146
"Kehl" (48.5711, 7.8089) 36089
"Emsdetten" (52.1728, 7.5344) 36012
"Tuttlingen" (47.9850, 8.8233) 35730
"Sankt Ingbert" (49.3000, 7.1167) 35714
"Porta Westfalica" (52.2167, 8.9333) 35671
"Sinsheim" (49.2500, 8.8833) 35442
"Meppen" (52.6906, 7.2910) 35373
"Limburg" (50.3833, 8.0667) 35243
"Ingelheim" (49.9747, 8.0564) 35146
"Lage" (51.9833, 8.8000) 35047
"Cloppenburg" (52.8478, 8.0439) 34913
"Winsen" (53.3667, 10.2167) 34896
"Morfelden-Walldorf" (49.9896, 8.5661) 34828
"Wermelskirchen" (51.1392, 7.2051) 34765
"Datteln" (51.6539, 7.3417) 34614
"Kempen" (51.3658, 6.4194) 34597
"Saarlouis" (49.3167, 6.7500) 34552
"Leer" (53.2308, 7.4528) 34486
"Seelze" (52.3961, 9.5981) 34442
"Crailsheim" (49.1347, 10.0706) 34400
"Barsinghausen" (52.3031, 9.4606) 34234
"Balingen" (48.2731, 8.8506) 34217
"Zweibrucken" (49.2494, 7.3608) 34209
"Viernheim" (49.5380, 8.5792) 34175
"Steinfurt" (52.1504, 7.3366) 34084
"Merseburg" (51.3544, 11.9928) 34080
"Hemer" (51.3833, 7.7667) 34080
"Dietzenbach" (50.0086, 8.7756) 34019
"Radebeul" (51.1033, 13.6700) 34008
"Bad Vilbel" (50.1781, 8.7361) 33990
"Geldern" (51.5197, 6.3325) 33836
"Goch" (51.6839, 6.1619) 33825
"Kornwestheim" (48.8597, 9.1850) 33803
"Stuhr" (53.0167, 8.7500) 33678
"Uelzen" (52.9647, 10.5658) 33614
"Deggendorf" (48.8353, 12.9644) 33585
"Wedel" (53.5833, 9.7000) 33547
"Ahrensburg" (53.6747, 10.2411) 33472
"Rheinfelden (Baden)" (47.5611, 7.7917) 33074
"Korschenbroich" (51.1833, 6.5167) 33066
"Biberach" (48.0981, 9.7886) 32938
"Wernigerode" (51.8350, 10.7853) 32733
"Bernburg" (51.8000, 11.7333) 32674
"Julich" (50.9222, 6.3583) 32632
"Lampertheim" (49.5942, 8.4671) 32537
"Vechta" (52.7306, 8.2886) 32433
"Naumburg" (51.1521, 11.8098) 32402
"Forchheim" (49.7197, 11.0581) 32171
"Bad Nauheim" (50.3667, 8.7500) 32163
"Hoyerswerda" (51.4331, 14.2500) 32123
"Altenburg" (50.9850, 12.4333) 32074
"Delbruck" (51.7667, 8.5667) 31949
"Furstenwalde" (52.3667, 14.0667) 31941
"Achim" (53.0130, 9.0330) 31911
"Itzehoe" (53.9250, 9.5164) 31879
"Georgsmarienhutte" (52.2031, 8.0447) 31827
"Herrenberg" (48.5967, 8.8708) 31545
"Oer-Erkenschwick" (51.6422, 7.2508) 31442
"Radolfzell am Bodensee" (47.7369, 8.9697) 31203
"Kreuztal" (50.9620, 8.0064) 31187
"Ganderkesee" (53.0358, 8.5483) 31137
"Rheinberg" (51.5467, 6.6006) 31097
"Bramsche" (52.4089, 7.9728) 30952
"Neuruppin" (52.9222, 12.8000) 30846
"Einbeck" (51.8167, 9.8667) 30826
"Werl" (51.5528, 7.9139) 30772
"Schonebeck" (52.0167, 11.7500) 30720
"Burgdorf" (52.4438, 10.0078) 30699
"Gevelsberg" (51.3265, 7.3559) 30695
"Weyhe" (52.9936, 8.8733) 30669
"Geesthacht" (53.4375, 10.3675) 30551
"Haan" (51.1931, 7.0131) 30484
"Lohmar" (50.8415, 7.2166) 30363
"Osterholz-Scharmbeck" (53.2269, 8.7947) 30300
"Weil am Rhein" (47.5947, 7.6108) 30175
"Ennepetal" (51.3021, 7.3425) 30075
"Riesa" (51.3081, 13.2939) 30054
"Taunusstein" (50.1435, 8.1606) 30005
"Andernach" (50.4397, 7.4017) 29966
"Meschede" (51.3503, 8.2836) 29921
"Schwedt (Oder)" (53.0631, 14.2831) 29920
"Friedberg" (48.3500, 10.9833) 29810
"Bad Hersfeld" (50.8683, 9.7067) 29800
"Gaggenau" (48.8039, 8.3194) 29777
"Merzig" (49.4471, 6.6312) 29745
"Neuburg" (48.7333, 11.1833) 29682
"Werve" (51.6667, 7.6167) 29662
"Vaihingen an der Enz" (48.9328, 8.9564) 29467
"Rietberg" (51.8000, 8.4333) 29466
"Saalfeld" (50.6506, 11.3542) 29457
"Bretten" (49.0364, 8.7061) 29412
"Waltrop" (51.6236, 7.3972) 29345
"Oelde" (51.8258, 8.1436) 29326
"Tonisvorst" (51.3208, 6.4931) 29306
"Gustrow" (53.7939, 12.1764) 29241
"Friedberg" (50.3353, 8.7550) 29180
"Landsberg" (48.0528, 10.8689) 29132
"Northeim" (51.7067, 10.0011) 29107
"Kelkheim (Taunus)" (50.1380, 8.4525) 29055
"Springe" (52.2167, 9.5500) 28951
"Unterschleißheim" (48.2833, 11.5667) 28907
"Buhl" (48.6953, 8.1350) 28900
"Schwandorf" (49.3236, 12.0993) 28828
"Hoxter" (51.7667, 9.3667) 28824
"Rosrath" (50.9000, 7.1833) 28693
"Bad Zwischenahn" (53.1836, 8.0097) 28596
"Schwelm" (51.2904, 7.2972) 28542
"Rendsburg" (54.3044, 9.6644) 28470
"Winnenden" (48.8764, 9.3978) 28339
"Bad Neuenahr-Ahrweiler" (50.5447, 7.1133) 28251
"Grimma" (51.2386, 12.7253) 28180
"Wegberg" (51.1333, 6.2667) 28175
"Geislingen an der Steige" (48.6244, 9.8306) 28122
"Konigsbrunn" (48.2689, 10.8908) 28076
"Henstedt-Ulzburg" (53.7833, 10.0000) 28070
"Meißen" (51.1636, 13.4775) 28044
"Leichlingen" (51.1167, 7.0167) 28031
"Kevelaer" (51.5833, 6.2500) 28021
"Zeitz" (51.0478, 12.1383) 27955
"Emmendingen" (48.1214, 7.8492) 27882
"Blankenfelde" (52.3500, 13.4000) 27837
"Sundern" (51.3167, 8.0000) 27802
"Baunatal" (51.2589, 9.4183) 27750
"Reinbek" (53.5089, 10.2483) 27649
"Mechernich" (50.6000, 6.6500) 27598
"Hattersheim" (50.0697, 8.4862) 27590
"Wetter (Ruhr)" (51.3881, 7.3950) 27441
"Griesheim" (49.8594, 8.5525) 27435
"Arnstadt" (50.8342, 10.9464) 27304
"Aschersleben" (51.7500, 11.4667) 27220
"Geilenkirchen" (50.9653, 6.1194) 27214
"Rheinbach" (50.6256, 6.9491) 27063
"Overath" (50.9328, 7.2839) 27040
"Baesweiler" (50.9000, 6.1833) 27033
"Leimen" (49.3481, 8.6911) 26968
"Wangen im Allgau" (47.6858, 9.8342) 26905
"Schloß Holte-Stukenbrock" (51.8833, 8.6167) 26776
"Lohne" (52.6667, 8.2386) 26762
"Wiesloch" (49.2942, 8.6983) 26758
"Hamminkeln" (51.7319, 6.5908) 26739
"Strausberg" (52.5808, 13.8814) 26587
"Lauf" (49.5103, 11.2772) 26515
"Neckarsulm" (49.1917, 9.2244) 26492
"Heiligenhaus" (51.3265, 6.9710) 26335
"Sangerhausen" (51.4667, 11.3000) 26297
"Hennigsdorf" (52.6378, 13.2036) 26272
"Ehingen an der Donau" (48.2833, 9.7236) 26259
"Butzbach" (50.4367, 8.6622) 26197
"Nordenham" (53.5000, 8.4667) 26193
"Hohen Neuendorf" (52.6667, 13.2831) 26159
"Ludwigsfelde" (52.2997, 13.2667) 26112
"Muhlacker" (48.9500, 8.8392) 26076
"Heppenheim" (49.6415, 8.6450) 26023
"Selm" (51.6833, 7.4833) 26011
"Weiterstadt" (49.9000, 8.6000) 25975
"Pfaffenhofen" (48.5333, 11.5167) 25917
"Kulmbach" (50.1000, 11.4333) 25915
"Sankt Wendel" (49.4667, 7.1667) 25862
"Teltow" (52.4022, 13.2706) 25825
"Bad Honnef am Rhein" (50.6450, 7.2269) 25816
"Helmstedt" (52.2281, 11.0106) 25728
"Bingen am Rhein" (49.9669, 7.8950) 25659
"Achern" (48.6314, 8.0739) 25630
"Zirndorf" (49.4500, 10.9500) 25596
"Roth" (49.2461, 11.0911) 25593
"Lennestadt" (51.1236, 8.0681) 25503
"Verl" (51.8831, 8.5167) 25498
"Lindau" (47.5458, 9.6839) 25490
"Lubbecke" (52.3081, 8.6231) 25490
"Rinteln" (52.1906, 9.0814) 25484
"Brilon" (51.3956, 8.5678) 25417
"Staßfurt" (51.8667, 11.5667) 25385
"Zittau" (50.8961, 14.8072) 25381
"Plettenberg" (51.2128, 7.8715) 25318
"Groß-Gerau" (49.9214, 8.4818) 25302
"Schleswig" (54.5153, 9.5697) 25276
"Geretsried" (47.8667, 11.4667) 25275
"Rottweil" (48.1681, 8.6247) 25274
"Friedrichsdorf" (50.2569, 8.6418) 25194
"Petershagen" (52.3833, 8.9667) 25168
"Pfungstadt" (49.8056, 8.6044) 25151
"Bad Oldesloe" (53.8117, 10.3742) 24744
"Olpe" (51.0289, 7.8514) 24688
"Rathenow" (52.6000, 12.3333) 24309
"Senftenberg" (51.5167, 14.0167) 24275
"Meiningen" (50.5500, 10.4167) 24233
"Waldshut-Tiengen" (47.6231, 8.2144) 24226
"Sonneberg" (50.3500, 11.1667) 23830
"Salzwedel" (52.8500, 11.1500) 23655
"Calw" (48.7144, 8.7375) 23590
"Korbach" (51.2719, 8.8731) 23581
"Starnberg" (47.9972, 11.3406) 23498
"Freudenstadt" (48.4633, 8.4111) 23442
"Mosbach" (49.3500, 9.1333) 23398
"Husum" (54.4769, 9.0511) 23189
"Westerstede" (53.2500, 7.9167) 22778
"Burg" (52.2725, 11.8550) 22478
"Weilheim" (47.8333, 11.1333) 22477
"Bad Kissingen" (50.2000, 10.0667) 22444
"Stadthagen" (52.3247, 9.2069) 22247
"Apolda" (51.0247, 11.5139) 22012
"Heide" (54.1961, 9.0933) 21852
"Osterode" (51.7286, 10.2522) 21731
"Kitzingen" (49.7333, 10.1667) 21704
"Sonthofen" (47.5142, 10.2817) 21541
"Sondershausen" (51.3667, 10.8667) 21513
"Aichach" (48.4500, 11.1333) 21434
"Germersheim" (49.2167, 8.3667) 20779
"Gunzburg" (48.4525, 10.2711) 20707
"Luckenwalde" (52.0831, 13.1667) 20522
"Traunstein" (47.8683, 12.6433) 20520
"Muhldorf" (48.2456, 12.5228) 20323
"Wittmund" (53.5747, 7.7808) 20321
"Bad Salzungen" (50.8117, 10.2333) 20244
"Lichtenfels" (50.1333, 11.0333) 20133
"Greiz" (50.6547, 12.1997) 20103
"Donauworth" (48.7184, 10.7770) 20080
"Torgau" (51.5603, 13.0056) 20065
"Holzminden" (51.8297, 9.4483) 19998
"Dingolfing" (48.6333, 12.5000) 19839
"Annaberg-Buchholz" (50.5800, 13.0022) 19769
"Eschwege" (51.1881, 10.0528) 19606
"Haldensleben" (52.2833, 11.4167) 19247
"Sommerda" (51.1617, 11.1169) 19034
"Prenzlau" (53.3167, 13.8667) 19024
"Wittlich" (49.9869, 6.8897) 18995
"Dillingen" (48.5667, 10.4667) 18978
"Bad Tolz" (47.7603, 11.5567) 18802
"Marktoberdorf" (47.7667, 10.6167) 18539
"Alzey" (49.7517, 8.1161) 18535
"Bad Durkheim" (49.4618, 8.1724) 18476
"Weißenburg" (49.0306, 10.9719) 18464
"Bad Reichenhall" (47.7247, 12.8769) 18278
"Forst (Lausitz)" (51.7333, 14.6333) 18164
"Parchim" (53.4167, 11.8333) 18037
"Sigmaringen" (48.0867, 9.2164) 17278
"Bad Segeberg" (53.9356, 10.3089) 17267
"Heilbad Heiligenstadt" (51.3775, 10.1344) 17105
"Eutin" (54.1378, 10.6181) 16971
"Cham" (49.2183, 12.6658) 16907
"Diepholz" (52.6072, 8.3711) 16882
"Kronach" (50.2411, 11.3281) 16874
"Kelheim" (48.9167, 11.8667) 16714
"Bad Neustadt" (50.3219, 10.2161) 15411
"Kunzelsau" (49.2833, 9.6833) 15391
"Mindelheim" (48.0333, 10.4667) 15002
"Brake" (53.3333, 8.4833) 14965
"Bitburg" (49.9747, 6.5256) 14904
"Ratzeburg" (53.7017, 10.7567) 14652
"Jever" (53.5744, 7.9008) 14301
"Lubben (Spreewald)" (51.9500, 13.9000) 14024
"Montabaur" (50.4375, 7.8258) 13691
"Erbach" (49.6569, 8.9931) 13666
"Lauterbach" (50.6378, 9.3944) 13664
"Haßfurt" (50.0353, 10.5123) 13609
"Eichstatt" (48.8919, 11.1839) 13525
"Tauberbischofsheim" (49.6225, 9.6628) 13231
"Neustadt" (49.5800, 10.6089) 13121
"Pfarrkirchen" (48.4419, 12.9443) 12677
"Ebersberg" (48.0833, 11.9667) 12239
"Perleberg" (53.0667, 11.8667) 12141
"Bad Fallingbostel" (52.8675, 9.6967) 11852
"Hildburghausen" (50.4261, 10.7289) 11836
"Miesbach" (47.7890, 11.8338) 11562
"Bad Schwalbach" (50.1401, 8.0694) 11187
"Regen" (48.9700, 13.1264) 11001
"Eisenberg" (50.9667, 11.9000) 10885
"Altotting" (48.2264, 12.6759) 10119
"Bad Ems" (50.3381, 7.7106) 9681
"Luchow" (52.9667, 11.1500) 9437
"Miltenberg" (49.7039, 9.2644) 9355
"Wunsiedel" (50.0374, 11.9994) 9259
"Herzberg" (51.6831, 13.2331) 9027
"Plon" (54.1622, 10.4214) 8914
"Schleiz" (50.5833, 11.8167) 8854
"Tirschenreuth" (49.8789, 12.3369) 8707
"Beeskow" (52.1667, 14.2500) 8042
"Daun" (50.1986, 6.8319) 7974
"Simmern" (49.9833, 7.5167) 7950
"Kirchheimbolanden" (49.6664, 8.0117) 7802
"Freyung" (48.8075, 13.5475) 7166
"Birkenfeld" (49.6500, 7.1833) 6984
"Altenkirchen" (50.6872, 7.6456) 6263
"Neustadt" (49.7306, 12.1706) 5727
"Seelow" (52.5167, 14.3831) 5426
"Kusel" (49.5347, 7.3981) 5405
"Cochem" (50.1469, 7.1667) 5312
