"Moscow" (55.7558, 37.6178) 17125000
"Saint Petersburg" (59.9500, 30.3167) 5351935
"Novosibirsk" (55.0333, 82.9167) 1602915
"Yekaterinburg" (56.8356, 60.6128) 1468833
"Nizhniy Novgorod" (56.3269, 44.0075) 1264075
"Kazan" (55.7908, 49.1144) 1243500
"Chelyabinsk" (55.1500, 61.4000) 1202371
"Omsk" (54.9667, 73.3833) 1178391
"Samara" (53.1833, 50.1167) 1169719
"Rostov" (47.2333, 39.7167) 1125299
"Ufa" (54.7333, 55.9667) 1115560
"Krasnoyarsk" (56.0167, 92.8667) 1083865
"Perm" (58.0139, 56.2489) 1048005
"Voronezh" (51.6717, 39.2106) 1047549
"Volgograd" (48.7086, 44.5147) 1015586
"Krasnodar" (45.0333, 38.9833) 881476
"Saratov" (51.5333, 46.0000) 845300
"Tyumen" (57.1500, 65.5333) 744554
"Tolyatti" (53.5167, 49.4167) 707408
"Izhevsk" (56.8500, 53.2167) 646277
"Barnaul" (53.3567, 83.7872) 633301
"Ulyanovsk" (54.3167, 48.3667) 624518
"Irkutsk" (52.2833, 104.3000) 623736
"Khabarovsk" (48.4833, 135.0667) 616242
"Yaroslavl" (57.6167, 39.8500) 608079
"Vladivostok" (43.1167, 131.9000) 606589
"Makhachkala" (42.9833, 47.4833) 592976
"Tomsk" (56.4886, 84.9522) 572740
"Orenburg" (51.7667, 55.1000) 564443
"Kemerovo" (55.3333, 86.0667) 556920
"Novokuznetsk" (53.7500, 87.1167) 552105
"Ryazan" (54.6167, 39.7167) 537622
"Astrakhan" (46.3333, 48.0167) 532504
"Naberezhnyye Chelny" (55.7000, 52.3333) 529797
"Penza" (53.2000, 45.0000) 523726
"Lipetsk" (52.6167, 39.6000) 510439
"Kirov" (58.6000, 49.6500) 501468
"Cheboksary" (56.1333, 47.2500) 489498
"Tula" (54.2000, 37.6167) 485221
"Kaliningrad" (54.7167, 20.5000) 475056
"Balashikha" (55.8000, 37.9500) 450771
"Kursk" (51.7372, 36.1872) 449063
"Stavropol" (45.0500, 41.9833) 433577
"Ulan-Ude" (51.8272, 107.6064) 431922
"Tver" (56.8578, 35.9219) 419363
"Magnitogorsk" (53.3833, 59.0333) 418241
"Sochi" (43.5853, 39.7203) 411524
"Ivanovo" (57.0000, 41.0000) 406933
"Bryansk" (53.2500, 34.3667) 406553
"Belgorod" (50.6000, 36.6000) 391135
"Surgut" (61.2500, 73.4333) 360590
"Vladimir" (56.1286, 40.4058) 356168
"Nizhniy Tagil" (57.9167, 59.9667) 355693
"Arkhangelsk" (64.5500, 40.5333) 351488
"Chita" (52.0333, 113.5000) 347088
"Kaluga" (54.5333, 36.2667) 341892
"Smolensk" (54.7828, 32.0453) 329853
"Volzhskiy" (48.7833, 44.7667) 326055
"Kurgan" (55.4408, 65.3411) 322042
"Cherepovets" (59.1333, 37.9167) 318856
"Saransk" (54.1833, 45.1833) 314789
"Vologda" (59.2167, 39.9000) 313012
"Orël" (52.9686, 36.0694) 311625
"Yakutsk" (62.0272, 129.7319) 307911
"Vladikavkaz" (43.0400, 44.6775) 306978
"Podolsk" (55.4297, 37.5444) 299660
"Murmansk" (68.9667, 33.0833) 298096
"Groznyy" (43.3125, 45.6986) 291687
"Tambov" (52.7167, 41.4333) 290365
"Sterlitamak" (53.6333, 55.9500) 280233
"Petrozavodsk" (61.7833, 34.3500) 278551
"Nizhnevartovsk" (60.9389, 76.5950) 277668
"Kostroma" (57.7667, 40.9333) 277648
"Novorossiysk" (44.7167, 37.7667) 270774
"Yoshkar-Ola" (56.6328, 47.8958) 266675
"Nalchik" (43.4833, 43.6167) 265162
"Engels" (51.4667, 46.1167) 264990
"Taganrog" (47.2333, 38.9000) 250287
"Komsomol’sk-na-Amure" (50.5500, 137.0000) 249810
"Syktyvkar" (61.6667, 50.8167) 245313
"Khimki" (55.8892, 37.4450) 244668
"Nizhnekamsk" (55.6333, 51.8167) 237250
"Shakhty" (47.7000, 40.2333) 235492
"Dzerzhinsk" (56.2333, 43.4500) 231797
"Bratsk" (56.1667, 101.6167) 231602
"Orsk" (51.2000, 58.6167) 230414
"Noginsk" (64.4833, 91.2333) 229731
"Angarsk" (52.5667, 103.9167) 226374
"Kolpino" (59.7300, 30.6500) 225801
"Blagoveshchensk" (50.2578, 127.5364) 224419
"Staryy Oskol" (51.2981, 37.8350) 223360
"Velikiy Novgorod" (58.5210, 31.2758) 222594
"Korolëv" (55.9167, 37.8167) 221797
"Pskov" (57.8167, 28.3333) 209840
"Mytishchi" (55.9167, 37.7333) 205397
"Biysk" (52.5167, 85.1667) 203108
"Lyubertsy" (55.6814, 37.8939) 197705
"Prokopyevsk" (53.8833, 86.7167) 196406
"Yuzhno-Sakhalinsk" (46.9500, 142.7333) 194882
"Balakovo" (52.0390, 47.7839) 191260
"Armavir" (45.0000, 41.1167) 190709
"Rybinsk" (58.0500, 38.8333) 190429
"Severodvinsk" (64.5667, 39.8500) 183996
"Abakan" (53.7167, 91.4167) 181709
"Petropavlovsk-Kamchatskiy" (53.0167, 158.6500) 181216
"Norilsk" (69.3333, 88.2167) 177428
"Syzran" (53.1667, 48.4667) 173260
"Krasnogorsk" (55.8167, 37.3333) 171793
"Volgodonsk" (47.5167, 42.1500) 171471
"Ussuriysk" (43.8000, 131.9500) 170660
"Kamensk-Ural’skiy" (56.4000, 61.9333) 169929
"Novocherkassk" (47.4222, 40.0939) 168766
"Zlatoust" (55.1667, 59.6667) 167978
"Elektrostal" (55.8000, 38.4500) 158508
"Almetyevsk" (54.9000, 52.3000) 154262
"Salavat" (53.3667, 55.9333) 153181
"Miass" (55.0500, 60.1000) 151856
"Nakhodka" (42.8167, 132.8833) 151420
"Orekhovo-Borisovo Yuzhnoye" (55.6029, 37.7328) 147713
"Kopeysk" (55.1000, 61.6167) 147573
"Odintsovo" (55.6733, 37.2733) 146574
"Pyatigorsk" (44.0333, 43.0500) 145836
"Rubtsovsk" (51.5167, 81.2000) 145333
"Berezniki" (59.4167, 56.7833) 145115
"Kolomna" (55.0833, 38.7833) 144125
"Maykop" (44.6000, 40.0833) 141970
"Khasavyurt" (43.2500, 46.5833) 141259
"Kovrov" (56.3606, 41.3197) 138552
"Kislovodsk" (43.9100, 42.7200) 128779
"Domodedovo" (55.4333, 37.7500) 127850
"Nefteyugansk" (61.1000, 72.6000) 127255
"Neftekamsk" (56.0833, 54.2500) 126805
"Bataysk" (47.1333, 39.7500) 126769
"Novocheboksarsk" (56.1167, 47.5000) 126626
"Serpukhov" (54.9167, 37.4000) 125817
"Novomoskovsk" (54.0333, 38.2667) 125647
"Shchelkovo" (55.9167, 38.0000) 125634
"Pervouralsk" (56.9167, 59.9500) 124447
"Kaspiysk" (42.8833, 47.6333) 123988
"Derbent" (42.0692, 48.2958) 123720
"Cherkessk" (44.2222, 42.0575) 122395
"Orekhovo-Zuyevo" (55.8000, 38.9667) 118822
"Nazran" (43.2167, 44.7667) 117936
"Nevinnomyssk" (44.6333, 41.9333) 117446
"Ramenskoye" (55.5669, 38.2303) 116077
"Dimitrovgrad" (54.2333, 49.5833) 116055
"Kyzyl" (51.7167, 94.4500) 116015
"Obninsk" (55.1000, 36.6167) 115029
"Oktyabr’skiy" (54.4833, 53.4833) 113929
"Novyy Urengoy" (66.0847, 76.6789) 113254
"Kamyshin" (50.0833, 45.4000) 111100
"Murom" (55.5725, 42.0514) 109072
"Dolgoprudnyy" (55.9333, 37.5000) 108861
"Yessentuki" (44.0431, 42.8644) 108679
"Novoshakhtinsk" (47.7667, 39.9167) 108345
"Zhukovskiy" (55.6011, 38.1161) 107994
"Seversk" (56.6000, 84.8500) 107922
"Reutov" (55.7667, 37.8667) 106990
"Noyabrsk" (63.2017, 75.4517) 106879
"Artëm" (43.3500, 132.1833) 106692
"Pushkino" (56.0167, 37.8500) 105479
"Achinsk" (56.2817, 90.5039) 105264
"Sergiyev Posad" (56.3000, 38.1333) 104579
"Arzamas" (55.3833, 43.8000) 104547
"Yelets" (52.6167, 38.4667) 104349
"Berdsk" (54.7500, 83.1000) 103578
"Elista" (46.3167, 44.2667) 103132
"Noginsk" (55.8500, 38.4333) 102592
"Novokuybyshevsk" (53.1000, 49.9167) 102075
"Zheleznogorsk" (52.3333, 35.3667) 100740
"Zelënodol’sk" (55.8500, 48.5167) 99491
"Tobolsk" (58.1953, 68.2581) 98886
"Khanty-Mansiysk" (61.0000, 69.0000) 98692
"Sarapul" (56.4667, 53.8000) 97910
"Serov" (59.6000, 60.5667) 97762
"Votkinsk" (57.0500, 54.0000) 97550
"Ukhta" (63.5667, 53.7000) 97087
"Mezhdurechensk" (53.6864, 88.0703) 96299
"Leninsk-Kuznetskiy" (54.6500, 86.1667) 96139
"Sarov" (54.9333, 43.3167) 95388
"Solikamsk" (59.6333, 56.7667) 94628
"Gatchina" (59.5667, 30.1333) 94447
"Mikhaylovsk" (45.1283, 42.0256) 93658
"Voskresensk" (55.3167, 38.6833) 93565
"Michurinsk" (52.8922, 40.4928) 93330
"Glazov" (58.1333, 52.6500) 93056
"Magadan" (59.5667, 150.8000) 92782
"Velikiye Luki" (56.3500, 30.5167) 91435
"Kiselëvsk" (53.9833, 86.7000) 89867
"Kansk" (56.2000, 95.7000) 89508
"Kamensk-Shakhtinskiy" (48.3167, 40.2667) 88997
"Lobnya" (56.0167, 37.4833) 88220
"Gubkin" (51.2833, 37.5500) 86780
"Novotroitsk" (51.2009, 58.2983) 86474
"Buzuluk" (52.7667, 52.2667) 86316
"Shchëkino" (54.0143, 37.5143) 86088
"Bugulma" (54.5333, 52.7833) 86085
"Yeysk" (46.7106, 38.2778) 85760
"Dmitrov" (56.3500, 37.5333) 84408
"Kineshma" (57.4500, 42.1500) 83871
"Zheleznogorsk" (56.2500, 93.5333) 83857
"Chaykovskiy" (56.7667, 54.1167) 83077
"Kuznetsk" (53.1167, 46.6000) 82276
"Ust’-Ilimsk" (58.0000, 102.6667) 81976
"Yurga" (55.7333, 84.9000) 81759
"Anapa" (44.8944, 37.3167) 81447
"Novouralsk" (57.2500, 60.0833) 81202
"Azov" (47.1000, 39.4167) 80721
"Klin" (56.3339, 36.7125) 79387
"Ivanteyevka" (55.9700, 37.9200) 79346
"Ozërsk" (55.7556, 60.7028) 79265
"Vyborg" (60.7092, 28.7442) 78457
"Kropotkin" (45.4333, 40.5667) 78149
"Bor" (56.3603, 44.0592) 78063
"Usol’ye-Sibirskoye" (52.7500, 103.6500) 77407
"Gelendzhik" (44.5608, 38.0767) 77212
"Balashov" (51.5500, 43.1667) 76776
"Anzhero-Sudzhensk" (56.0833, 86.0333) 76217
"Chernogorsk" (53.8167, 91.2833) 75419
"Shadrinsk" (56.0833, 63.6333) 75348
"Dubna" (56.7500, 37.1500) 75144
"Mineral’nyye Vody" (44.2008, 43.1125) 74141
"Yelabuga" (55.7667, 52.0333) 74031
"Troitsk" (54.0833, 61.5667) 73911
"Yegoryevsk" (55.3667, 39.0167) 73766
"Birobidzhan" (48.7833, 132.9333) 73623
"Novoaltaysk" (53.4000, 83.9333) 73439
"Vsevolozhsk" (60.0160, 30.6663) 72864
"Chapayevsk" (52.9833, 49.7167) 72778
"Belovo" (54.4167, 86.3000) 72519
"Kirovo-Chepetsk" (58.5500, 50.0167) 72071
"Verkhnyaya Pyshma" (56.9667, 60.5833) 71241
"Chekhov" (55.1481, 37.4769) 70548
"Tuymazy" (54.6000, 53.7000) 68256
"Sosnovyy Bor" (59.9000, 29.1000) 68013
"Minusinsk" (53.7000, 91.6833) 68007
"Kstovo" (56.1517, 44.1956) 67874
"Oktyabrskiy" (52.6636, 156.2387) 67386
"Georgiyevsk" (44.1500, 43.4667) 67054
"Stupino" (54.8869, 38.0772) 66341
"Slavyansk-na-Kubani" (45.2586, 38.1247) 66285
"Belogorsk" (50.9167, 128.4833) 66183
"Vidnoye" (55.5500, 37.7000) 66158
"Beloretsk" (53.9667, 58.4000) 65477
"Pavlovskiy Posad" (55.7833, 38.6500) 65432
"Ishimbay" (53.4500, 56.0333) 65422
"Kungur" (57.4333, 56.9333) 65284
"Zarechnyy" (53.2000, 45.1667) 65156
"Ishim" (56.1167, 69.5000) 65142
"Buynaksk" (42.8167, 47.1167) 65080
"Gukovo" (48.0500, 39.9333) 64869
"Asbest" (57.0000, 61.4667) 64091
"Donskoy" (53.9667, 38.3167) 63631
"Gorno-Altaysk" (51.9600, 85.9600) 63214
"Volsk" (52.0500, 47.3833) 63212
"Novaya Balakhna" (56.4943, 43.5944) 63083
"Klintsy" (52.7528, 32.2361) 62936
"Rossosh" (50.1983, 39.5672) 62827
"Revda" (56.8000, 59.9167) 62687
"Borisoglebsk" (51.3667, 42.0833) 62669
"Leninogorsk" (54.5989, 52.4423) 62531
"Budënnovsk" (44.7833, 44.1500) 62495
"Tuapse" (44.1000, 39.0833) 62269
"Zelenogorsk" (56.1000, 94.5833) 62245
"Chistopol" (55.3648, 50.6407) 62200
"Naro-Fominsk" (55.3833, 36.7333) 62002
"Polevskoy" (56.4500, 60.1833) 61853
"Kotlas" (61.2500, 46.6500) 61805
"Lysva" (58.1004, 57.8043) 61752
"Sibay" (52.7000, 58.6500) 61266
"Fryazino" (55.9500, 38.0500) 60437
"Sayanogorsk" (53.1000, 91.4000) 60317
"Belebey" (54.1000, 54.1333) 60188
"Kumertau" (52.7667, 55.7833) 60164
"Labinsk" (44.6333, 40.7333) 60164
"Urus-Martan" (43.1224, 45.5366) 59954
"Lesosibirsk" (58.2333, 92.4833) 59525
"Rzhev" (56.2656, 34.3276) 59422
"Aleksandrov" (56.3936, 38.7150) 59328
"Izberbash" (42.5667, 47.8667) 58690
"Lytkarino" (55.5833, 37.8833) 58606
"Nyagan" (62.1333, 65.3833) 58335
"Tikhvin" (59.6333, 33.5000) 58136
"Shuya" (56.8500, 41.3667) 58114
"Meleuz" (52.9647, 55.9328) 58004
"Aleksin" (54.5000, 37.0667) 57892
"Berëzovskiy" (56.9000, 60.8000) 57892
"Prokhladnyy" (43.7575, 44.0297) 57883
"Mikhaylovka" (50.0667, 43.2333) 57829
"Tikhoretsk" (45.8500, 40.1167) 57771
"Pavlovo" (55.9619, 43.0900) 57630
"Salsk" (46.4833, 41.5333) 57622
"Krasnotur’insk" (59.7733, 60.1853) 57514
"Krymsk" (44.9333, 38.0000) 57229
"Neryungri" (56.6583, 124.7250) 57009
"Iskitim" (54.6333, 83.3000) 56602
"Klimovsk" (55.3667, 37.5333) 56239
"Shali" (43.1500, 45.9000) 56226
"Vorkuta" (67.5000, 64.0333) 56088
"Apatity" (67.5675, 33.3933) 55713
"Dzerzhinskiy" (55.6333, 37.8500) 55669
"Gus’-Khrustal’nyy" (55.6167, 40.6500) 54533
"Volzhsk" (55.8667, 48.3500) 54519
"Sertolovo" (60.1417, 30.2119) 54497
"Liski" (50.9822, 39.4994) 53897
"Svobodnyy" (51.3833, 128.1333) 53678
"Krasnokamsk" (58.0833, 55.7500) 53631
"Zhigulevsk" (53.4000, 49.5000) 53407
"Vyksa" (55.3194, 42.1731) 53219
"Gudermes" (43.3500, 46.1000) 52908
"Krasnokamensk" (50.1000, 118.0333) 52811
"Vyazma" (55.2103, 34.2850) 52506
"Arsenyev" (44.1667, 133.2667) 52471
"Belorechensk" (44.7667, 39.8667) 52082
"Timashevsk" (45.6167, 38.9333) 51925
"Solnechnogorsk" (56.1844, 36.9950) 51612
"Uzlovaya" (53.9791, 38.1601) 51358
"Severomorsk" (69.0692, 33.4167) 51209
"Snezhinsk" (56.0833, 60.7333) 51048
"Kirishi" (59.4500, 32.0167) 50885
"Cheremkhovo" (53.1500, 103.0667) 50819
"Nazarovo" (56.0064, 90.3914) 50397
"Moskovskiy" (55.5991, 37.3550) 50167
"Borovichi" (58.4000, 33.9167) 50144
"Roslavl" (53.9492, 32.8569) 50112
"Novovyatsk" (58.5083, 49.6994) 49475
"Mozhga" (56.4500, 52.2167) 49328
"Kizlyar" (43.8500, 46.7167) 49247
"Buguruslan" (53.6167, 52.4167) 49245
"Lesnoy" (58.6333, 59.7833) 49056
"Salekhard" (66.5333, 66.6333) 48507
"Kurganinsk" (44.8833, 40.6000) 48439
"Shelekhov" (52.2000, 104.1000) 48098
"Kashira" (54.8333, 38.1500) 48016
"Donetsk" (48.3369, 39.9449) 47770
"Kingisepp" (59.3667, 28.6000) 47313
"Livny" (52.4253, 37.6083) 47221
"Otradnyy" (53.3667, 51.3500) 47180
"Vyshniy Volochëk" (57.5913, 34.5645) 46908
"Kotelniki" (55.6500, 37.8667) 46763
"Zarinsk" (53.7000, 84.9167) 46597
"Gryazi" (52.5000, 39.9333) 46492
"Berëzovskiy" (55.6667, 86.2500) 46215
"Megion" (61.0331, 76.1097) 46188
"Aksay" (47.2667, 39.8667) 46018
"Torzhok" (57.0333, 34.9667) 45641
"Kanash" (55.5167, 47.5000) 45482
"Ruzayevka" (54.0667, 44.9500) 45248
"Parma" (65.9230, 57.4030) 45000
"Nadym" (65.5333, 72.5167) 44940
"Volkhov" (59.9167, 32.3500) 44868
"Chusovoy" (58.2833, 57.8167) 44779
"Kimry" (56.8667, 37.3500) 44743
"Kamen’-na-Obi" (53.7919, 81.3486) 44564
"Kuybyshev" (55.4503, 78.3075) 44170
"Yartsevo" (55.0667, 32.6833) 44097
"Rasskazovo" (52.6667, 41.8833) 43758
"Birsk" (55.4167, 55.5333) 43572
"Kolchugino" (56.2992, 39.3831) 43089
"Shebekino" (50.4167, 36.9000) 42465
"Osinniki" (53.6167, 87.3333) 42454
"Safonovo" (55.1000, 33.2500) 42147
"Monchegorsk" (67.9394, 32.9156) 42099
"Korenovsk" (45.4667, 39.4500) 42019
"Satka" (55.0500, 59.0500) 41798
"Krasnoznamensk" (55.6000, 37.0333) 41769
"Mozdok" (43.7500, 44.6500) 41728
"Ust’-Kut" (56.8000, 105.8333) 41689
"Tulun" (54.5667, 100.5667) 41640
"Gay" (51.4747, 58.4543) 41619
"Strezhevoy" (60.7333, 77.5833) 41541
"Verkhnyaya Salda" (58.0500, 60.5500) 41484
"Karabulak" (43.3000, 44.9000) 41469
"Myski" (53.7000, 87.8167) 41379
"Temryuk" (45.2667, 37.3833) 41133
"Spassk-Dal’niy" (44.6000, 132.8167) 41127
"Pyt’-Yakh" (60.7500, 72.7833) 41005
"Pechora" (65.1442, 57.2197) 40653
"Uray" (60.1333, 64.7833) 40559
"Sovetsk" (55.0833, 21.8833) 40486
"Chebarkul" (54.9778, 60.3700) 40378
"Zainsk" (55.3000, 52.0167) 40366
"Belaya Kalitva" (48.1667, 40.7833) 40275
"Tutayev" (57.8833, 39.5333) 40154
"Amursk" (50.2167, 136.9000) 40106
"Yalutorovsk" (56.6500, 66.3000) 39967
"Apsheronsk" (44.4608, 39.7406) 39762
"Novozybkov" (52.5333, 31.9333) 39725
"Morshansk" (53.4500, 41.8000) 39362
"Yelizovo" (53.1833, 158.3833) 39216
"Pereslavl’-Zalesskiy" (56.7381, 38.8562) 39105
"Rtishchevo" (52.2500, 43.7833) 39005
"Kachkanar" (58.7000, 59.4833) 38996
"Sayansk" (54.1167, 102.1667) 38968
"Mariinsk" (56.2167, 87.7500) 38637
"Abinsk" (44.8667, 38.1667) 38547
"Konakovo" (56.7129, 36.7783) 38486
"Baksan" (43.6833, 43.5333) 38474
"Novodvinsk" (64.4167, 40.8167) 38434
"Krasnoufimsk" (56.6167, 57.7667) 38395
"Usinsk" (65.9998, 57.5414) 38376
"Mtsensk" (53.2833, 36.5667) 38350
"Kurchatov" (51.6667, 35.6500) 38344
"Alekseyevka" (50.6333, 38.6833) 38329
"Krasnyy Sulin" (47.8833, 40.0667) 38284
"Lyudinovo" (53.8667, 34.4667) 38267
"Zavolzhye" (56.6425, 43.3928) 38230
"Izobil’nyy" (45.3667, 41.7167) 38100
"Bol’shoy Kamen’" (43.1167, 132.3500) 38042
"Akhtubinsk" (48.2833, 46.1667) 37883
"Yuzhnouralsk" (54.4500, 61.2500) 37728
"Uchaly" (54.3167, 59.3833) 37710
"Uryupinsk" (50.8000, 42.0167) 37620
"Alapayevsk" (57.8500, 61.7000) 37526
"Dalnegorsk" (44.5539, 135.5661) 37519
"Tosno" (59.5400, 30.8775) 37509
"Goryachiy Klyuch" (44.6308, 39.1300) 37475
"Malgobek" (43.5167, 44.5833) 37442
"Yugorsk" (61.3167, 63.3500) 37422
"Argun" (43.3000, 45.8667) 37373
"Kizilyurt" (43.2000, 46.8667) 37171
"Rezh" (57.3667, 61.4000) 37152
"Sharypovo" (55.5250, 89.2000) 37136
"Partizansk" (43.1333, 133.1333) 37059
"Lesozavodsk" (45.4667, 133.4000) 37034
"Beslan" (43.1833, 44.5333) 37029
"Kyshtym" (55.7139, 60.5528) 36997
"Frolovo" (49.7714, 43.6622) 36951
"Sokol" (59.4667, 40.1167) 36924
"Irbit" (57.6667, 63.0667) 36668
"Koryazhma" (61.3000, 47.1667) 36607
"Boyarka" (70.7670, 97.5000) 35968
"Kamenka" (53.1833, 44.0500) 35929
"Chernyakhovsk" (54.6333, 21.8167) 35888
"Vyazniki" (56.2433, 42.1292) 35865
"Protvino" (54.8667, 37.2167) 35807
"Svetlograd" (45.3308, 42.8511) 35745
"Kinel" (53.2333, 50.6167) 35675
"Millerovo" (48.9167, 40.4000) 35384
"Luga" (58.7333, 29.8500) 35262
"Mirnyy" (62.5333, 113.9500) 35223
"Yefremov" (53.1492, 38.0826) 35168
"Blagoveshchensk" (55.0333, 55.9833) 35008
"Aznakayevo" (54.8500, 53.0667) 34896
"Zelenokumsk" (44.4000, 43.8670) 34690
"Korkino" (54.8833, 61.4000) 34672
"Vichuga" (57.2000, 41.9167) 34394
"Bogorodsk" (56.0997, 43.5072) 34240
"Gulkevichi" (45.3603, 40.6945) 34215
"Valuyki" (50.1833, 38.1167) 34193
"Nizhneudinsk" (54.9000, 99.0167) 33918
"Furmanov" (57.2500, 41.1000) 33905
"Sukhoy Log" (56.9167, 62.0500) 33689
"Korsakov" (46.6333, 142.7667) 33645
"Tayshet" (55.9333, 98.0167) 33364
"Tavda" (58.0500, 65.2667) 33356
"Baltiysk" (54.6500, 19.9167) 33317
"Shatura" (55.5667, 39.5333) 33222
"Tynda" (55.1500, 124.7167) 33061
"Chernushka" (56.5000, 56.0833) 32952
"Slobodskoy" (58.7242, 50.1612) 32793
"Trëkhgornyy" (54.8000, 58.4500) 32715
"Nurlat" (54.4333, 50.8000) 32703
"Dobryanka" (58.4500, 56.4167) 32676
"Ostrogozhsk" (50.8667, 39.0667) 32601
"Vyatskiye Polyany" (56.2184, 51.0686) 32562
"Kulebaki" (55.4167, 42.5167) 32518
"Teykovo" (56.8500, 40.5500) 32511
"Slantsy" (59.1167, 28.0833) 32508
"Primorsko-Akhtarsk" (46.0500, 38.1833) 32180
"Mirnyy" (62.7603, 40.3353) 32175
"Uglich" (57.5333, 38.3333) 32146
"Serdobsk" (52.4667, 44.2167) 32087
"Velikiy Ustyug" (60.7589, 46.3039) 31806
"Novovoronezh" (51.3167, 39.2167) 31503
"Marks" (51.7000, 46.7500) 31488
"Kudymkar" (59.0167, 54.6667) 31370
"Kandalaksha" (67.1569, 32.4117) 31329
"Bogoroditsk" (53.7667, 38.1333) 31139
"Zima" (53.9167, 102.0500) 30988
"Dyurtyuli" (55.4833, 54.8667) 30969
"Rostov" (57.1833, 39.4167) 30943
"Nartkala" (43.5500, 43.8500) 30832
"Artëmovskiy" (57.3667, 61.8667) 30778
"Blagodarnyy" (45.1029, 43.4252) 30530
"Kirov" (54.0833, 34.3000) 30520
"Kokhma" (56.9333, 41.0833) 30500
"Ust’-Dzheguta" (44.0928, 41.9822) 30369
"Kondopoga" (62.2000, 34.2667) 30299
"Kasimov" (54.9583, 41.3972) 30243
"Mozhaysk" (55.5000, 36.0333) 30190
"Gorodets" (56.6503, 43.4703) 30188
"Kotovsk" (52.5833, 41.5000) 29999
"Slavgorod" (53.0000, 78.6500) 29916
"Dedovsk" (55.8667, 37.1333) 29738
"Dagestanskiye Ogni" (42.1167, 48.2000) 29716
"Asha" (55.0000, 57.2500) 29692
"Shumerlya" (55.5000, 46.4167) 29553
"Kostomuksha" (64.5833, 30.6000) 29381
"Likino-Dulevo" (55.7000, 38.9500) 29376
"Bogdanovich" (56.7833, 62.0500) 29309
"Novaya Usman’" (51.6439, 39.4103) 29270
"Divnogorsk" (55.9500, 92.3833) 29246
"Ob" (54.9917, 82.7125) 29194
"Gubkinskiy" (64.4333, 76.5000) 29161
"Gagarin" (55.5500, 35.0000) 29041
"Staraya Russa" (57.9833, 31.3500) 29019
"Barabinsk" (55.3500, 78.3500) 28941
"Petrovsk" (52.3167, 45.3833) 28893
"Borzya" (50.3833, 116.5333) 28888
"Yemanzhelinsk" (54.7500, 61.3167) 28742
"Kartaly" (53.0500, 60.6500) 28607
"Aleysk" (52.5000, 82.7833) 28528
"Gusev" (54.5922, 22.1997) 28484
"Pokhvistnevo" (53.6500, 52.1333) 28177
"Udomlya" (57.8833, 35.0167) 28119
"Tara" (56.8753, 74.4136) 28099
"Kushva" (58.2833, 59.7333) 28060
"Kholmsk" (47.0403, 142.0431) 27954
"Topki" (55.2833, 85.6167) 27860
"Maloyaroslavets" (55.0000, 36.4667) 27791
"Desnogorsk" (54.1531, 33.2903) 27771
"Zarechnyy" (56.8167, 61.3167) 27617
"Sorochinsk" (52.4333, 53.1500) 27547
"Verkhniy Ufaley" (56.0500, 60.2333) 27498
"Kurchaloy" (43.2019, 46.0881) 27478
"Sol’-Iletsk" (51.1667, 54.9833) 27085
"Mayskiy" (43.6333, 44.0667) 27074
"Karpinsk" (59.7667, 60.0000) 26957
"Karasuk" (53.7333, 78.0333) 26902
"Dyatkovo" (53.6000, 34.3333) 26775
"Novoaleksandrovsk" (45.4933, 41.2183) 26761
"Semiluki" (51.6833, 39.0333) 26732
"Kirzhach" (56.1500, 38.8667) 26676
"Sosnogorsk" (63.5833, 53.9333) 26670
"Segezha" (63.7415, 34.3222) 26666
"Kirovsk" (67.6142, 33.6717) 26581
"Bolkhov" (53.4500, 36.0000) 26570
"Severouralsk" (60.1500, 59.9333) 26543
"Krasnoarmeysk" (56.1000, 38.1333) 26519
"Kamyshlov" (56.8500, 62.7167) 26444
"Oktyabrsk" (53.1667, 48.6667) 26438
"Kirovsk" (59.8667, 30.9833) 26387
"Dalnerechensk" (45.9333, 133.7333) 26378
"Labytnangi" (66.6500, 66.4000) 26281
"Polysayevo" (54.6000, 86.2833) 26212
"Novopavlovsk" (43.9636, 43.6394) 26106
"Zavodoukovsk" (56.5000, 66.5500) 26048
"Kimovsk" (53.9667, 38.5333) 25951
"Kireyevsk" (53.9333, 37.9333) 25741
"Otradnoye" (59.7833, 30.8167) 25623
"Balabanovo" (55.1833, 36.6500) 25608
"Yanaul" (56.2667, 54.9333) 25511
"Inta" (66.0398, 60.1315) 25444
"Losino-Petrovskiy" (55.8667, 38.2000) 25424
"Ozëry" (54.8500, 38.5500) 25359
"Kochubeyevskoye" (44.6706, 41.8380) 25279
"Mednogorsk" (51.4221, 57.5953) 25272
"Morozovsk" (48.3500, 41.8333) 25198
"Sasovo" (54.3500, 41.9167) 25177
"Sovetskaya Gavan’" (48.9667, 140.2833) 25147
"Atkarsk" (51.8667, 45.0000) 25140
"Pavlovsk" (50.4500, 40.0667) 24858
"Nar’yan-Mar" (67.6378, 53.0067) 24775
"Zheleznovodsk" (44.1333, 43.0333) 24768
"Zernograd" (46.8500, 40.3000) 24561
"Neftekumsk" (44.7506, 44.9797) 24472
"Semënov" (56.8000, 44.5000) 24400
"Stroitel" (50.7833, 36.4833) 24392
"Asino" (57.0000, 86.1500) 24354
"Rodniki" (57.1000, 41.7333) 24335
"Buturlinovka" (50.8250, 40.5889) 24319
"Uvarovo" (51.9833, 42.2667) 23987
"Sharya" (58.3667, 45.5000) 23976
"Kalach-na-Donu" (48.6833, 43.5333) 23947
"Buy" (58.4833, 41.5167) 23809
"Kuvandyk" (51.4833, 57.3500) 23763
"Tatarsk" (55.2167, 75.9667) 23729
"Kotelnich" (58.3089, 48.3481) 23682
"Zheleznogorsk-Ilimskiy" (56.5833, 104.1167) 23643
"Bogotol" (56.2000, 89.5167) 23622
"Ipatovo" (45.7167, 42.9000) 23579
"Tayga" (56.0667, 85.6167) 23565
"Unecha" (52.8500, 32.6833) 23550
"Davlekanovo" (54.2167, 55.0333) 23499
"Lensk" (60.7167, 114.9000) 23479
"Severobaykalsk" (55.6333, 109.3167) 23365
"Sredneuralsk" (56.9833, 60.4667) 23353
"Achkhoy-Martan" (43.1939, 45.2833) 23282
"Zeya" (53.7333, 127.2500) 23270
"Kolpashevo" (58.3167, 82.9167) 23209
"Nevyansk" (57.4833, 60.2000) 23200
"Tashtagol" (52.7667, 87.8667) 23107
"Gusinoozërsk" (51.2833, 106.5167) 23082
"Fokino" (42.9667, 132.4000) 23077
"Krasnouralsk" (58.3500, 60.0500) 22996
"Krasnoarmeysk" (51.0167, 45.7000) 22994
"Elektrogorsk" (55.8833, 38.7833) 22950
"Isilkul" (54.9089, 71.2606) 22903
"Guryevsk" (54.2833, 85.9333) 22872
"Velsk" (61.0667, 42.1000) 22776
"Kalachinsk" (55.0500, 74.5833) 22737
"Lermontov" (44.1053, 42.9717) 22601
"Bronnitsy" (55.4220, 38.2631) 22567
"Zvenigorod" (55.7333, 36.8500) 22513
"Staraya Kupavna" (55.8000, 38.1833) 22476
"Khadyzhensk" (44.4239, 39.5372) 22468
"Mendeleyevsk" (55.9000, 52.3167) 22336
"Nikolskoye" (59.7000, 30.7833) 22286
"Bavly" (54.4000, 53.2500) 22145
"Kommunar" (59.6217, 30.3936) 22055
"Ust’-Katav" (54.9333, 58.1667) 22042
"Semikarakorsk" (47.5167, 40.8000) 22030
"Omutninsk" (58.6667, 52.1833) 22009
"Kotovo" (50.3167, 44.8000) 21990
"Vilyuchinsk" (52.9333, 158.4000) 21973
"Vereshchagino" (58.0667, 54.6500) 21969
"Svetlyy" (54.6833, 20.1333) 21928
"Ryazhsk" (53.7167, 40.0667) 21457
"Palatka" (60.1000, 150.9000) 21452
"Tarko-Sale" (64.9147, 77.7728) 21448
"Khotkovo" (56.2500, 37.9833) 21349
"Chernogolovka" (56.0147, 38.3897) 21342
"Lyskovo" (56.0128, 45.0253) 21321
"Pushchino" (54.8333, 37.6167) 21281
"Nerekhta" (57.4500, 40.5833) 21262
"Bologoye" (57.8787, 34.0789) 21158
"Vikhorevka" (56.1167, 101.1667) 21118
"Karachayevsk" (43.7667, 41.9000) 21067
"Toguchin" (55.2333, 84.3833) 21064
"Sysert" (56.5000, 60.8167) 21029
"Dudinka" (69.4000, 86.1833) 21015
"Nizhniy Lomov" (53.5333, 43.6833) 20943
"Osa" (57.2833, 55.4500) 20899
"Buinsk" (54.9667, 48.2833) 20854
"Olenegorsk" (68.1500, 33.2833) 20847
"Kurovskoye" (55.5833, 38.9167) 20844
"Kaltan" (53.5167, 87.2667) 20841
"Elektrougli" (55.7167, 38.2167) 20823
"Dugulubgey" (43.6500, 43.5500) 20718
"Okha" (53.5833, 142.9333) 20715
"Bobrov" (51.0944, 40.0322) 20605
"Aldan" (58.6000, 125.3833) 20595
"Nikolsk" (53.7167, 46.0833) 20572
"Arsk" (56.0906, 49.8764) 20540
"Tyrnyauz" (43.4000, 42.9167) 20513
"Kozmodemyansk" (56.3419, 46.5636) 20505
"Ostrov" (57.3333, 28.3500) 20427
"Roshal" (55.6667, 39.8833) 20418
"Sergach" (55.5333, 45.4667) 20269
"Pikalëvo" (59.5208, 34.1514) 20183
"Kotelnikovo" (47.6333, 43.1333) 20172
"Kubinka" (55.5764, 36.6947) 20157
"Shakhunya" (57.6833, 46.6000) 20049
"Alagir" (43.0417, 44.2106) 20043
"Kyakhta" (50.3500, 106.4500) 20031
"Tsotsin-Yurt" (43.2419, 46.0000) 20013
"Usman" (52.0500, 39.7333) 19956
"Yeniseysk" (58.4667, 92.1333) 19920
"Nizhnyaya Tura" (58.6208, 59.8478) 19883
"Gubakha" (58.8667, 57.5833) 19831
"Volokolamsk" (56.0333, 35.9500) 19824
"Nyandoma" (61.6667, 40.2000) 19783
"Bachi-Yurt" (43.2191, 46.1926) 19727
"Agryz" (56.5167, 52.9833) 19704
"Rybnoye" (54.7333, 39.5167) 19700
"Cherepanovo" (54.2167, 83.3667) 19610
"Yershov" (51.3500, 48.2833) 19590
"Beloyarskiy" (63.7167, 66.6667) 19542
"Terek" (43.4833, 44.1333) 19494
"Kovylkino" (54.0333, 43.9167) 19488
"Lodeynoye Pole" (60.7333, 33.5500) 19458
"Zverevo" (48.0200, 40.1200) 19456
"Ardon" (43.1667, 44.2833) 19412
"Rayevskiy" (54.0658, 54.9467) 19384
"Lebedyan" (53.0116, 39.1281) 19288
"Kirovgrad" (57.4333, 60.0667) 19277
"Bakal" (54.9333, 58.8000) 19264
"Abdulino" (53.6833, 53.6500) 19222
"Uzhur" (55.3167, 89.8167) 19212
"Nikolayevsk-na-Amure" (53.1500, 140.7333) 19135
"Ekazhevo" (43.2122, 44.8231) 19036
"Proletarsk" (46.7031, 41.7192) 19032
"Onega" (63.9167, 38.0833) 19030
"Dankov" (53.2500, 39.1500) 19017
"Goyty" (43.1642, 45.6228) 18939
"Nelidovo" (56.2167, 32.7833) 18883
"Kalach" (50.4258, 41.0156) 18834
"Sortavala" (61.7000, 30.6667) 18801
"Lgov" (51.6667, 35.2667) 18774
"Novyy Oskol" (50.7667, 37.8667) 18763
"Surovikino" (48.6000, 42.8500) 18685
"Kavalerovo" (44.2702, 135.0498) 18657
"Shimanovsk" (52.0000, 127.6667) 18643
"Vanino" (49.0873, 140.2425) 18618
"Starodub" (52.5833, 32.7667) 18615
"Nytva" (57.9333, 55.3333) 18608
"Priozërsk" (61.0393, 30.1291) 18552
"Yur’yev-Pol’skiy" (56.5000, 39.6833) 18433
"Beloozërskiy" (55.4614, 38.4422) 18297
"Slyudyanka" (51.6594, 103.7061) 18287
"Neftegorsk" (52.8000, 51.1667) 17990
"Avtury" (43.1667, 46.0000) 17970
"Kharabali" (47.4000, 47.2500) 17968
"Kukmor" (56.1825, 50.9064) 17815
"Sobinka" (55.9900, 40.0167) 17799
"Golitsyno" (55.6147, 36.9872) 17651
"Inza" (53.8500, 46.3500) 17630
"Polyarnyy" (69.1983, 33.4561) 17605
"Plast" (54.3667, 60.8167) 17508
"Karachev" (53.1167, 34.9833) 17466
"Krasnokumskoye" (44.1778, 43.5000) 17451
"Suvorov" (54.1167, 36.5000) 17450
"Nizhnyaya Salda" (58.0833, 60.7167) 17373
"Raychikhinsk" (49.8000, 129.4000) 17372
"Shumikha" (55.2333, 63.2833) 17336
"Krasnoslobodsk" (48.7000, 44.5667) 17327
"Guryevsk" (54.7667, 20.6000) 17295
"Podporozhye" (60.9167, 34.1667) 17270
"Baymak" (52.5833, 58.3167) 17254
"Konstantinovsk" (47.5833, 41.1000) 17160
"Kusa" (55.3333, 59.4333) 17136
"Turinsk" (58.0333, 63.7000) 17060
"Gavrilov-Yam" (57.3000, 39.8500) 17057
"Menzelinsk" (55.7167, 53.0833) 17055
"Pokrov" (55.9178, 39.1750) 17025
"Povorino" (51.2000, 42.2500) 17025
"Galich" (58.3833, 42.3500) 16911
"Zhukovka" (53.5339, 33.7281) 16878
"Iglino" (54.8385, 56.4232) 16811
"Novomichurinsk" (54.0333, 39.7500) 16710
"Pochëp" (52.9333, 33.4500) 16687
"Kovdor" (67.5594, 30.4667) 16623
"Kurtamysh" (54.9000, 64.4333) 16579
"Seltso" (53.3694, 34.1000) 16554
"Volgorechensk" (57.4333, 41.1667) 16539
"Uchkeken" (43.9439, 42.5153) 16512
"Kozelsk" (54.0353, 35.7767) 16443
"Kirsanov" (52.6500, 42.7333) 16409
"Ostashkov" (57.1500, 33.1000) 16318
"Novoanninskiy" (50.5167, 42.6667) 16294
"Petrovsk-Zabaykal’skiy" (51.2833, 108.8333) 16213
"Babayurt" (43.5992, 46.7758) 16165
"Rylsk" (51.5667, 34.6833) 16147
"Kodinsk" (58.6000, 99.1833) 16116
"Kasli" (55.8833, 60.7500) 16013
"Degtyarsk" (56.7000, 60.1000) 16001
"Yaransk" (57.3033, 47.8688) 15985
"Kamyzyak" (46.1167, 48.0833) 15984
"Barysh" (53.6500, 47.1167) 15974
"Talitsa" (57.0125, 63.7292) 15941
"Bikin" (46.8167, 134.2500) 15928
"Plavsk" (53.7000, 37.3000) 15920
"Ivdel" (60.6833, 60.4333) 15888
"Katav-Ivanovsk" (54.7500, 58.2000) 15872
"Kalininsk" (51.5000, 44.4500) 15821
"Mamadysh" (55.7000, 51.4000) 15806
"Yasnogorsk" (54.4794, 37.6934) 15706
"Zhirnovsk" (50.9833, 44.7667) 15680
"Bolotnoye" (55.6667, 84.4000) 15629
"Anadyr" (64.7333, 177.5167) 15604
"Yasnyy" (51.0333, 59.8667) 15573
"Svetogorsk" (61.1083, 28.8583) 15546
"Sovetsk" (57.6013, 48.9386) 15538
"Privolzhsk" (57.3833, 41.2833) 15530
"Zelenogradsk" (54.9500, 20.4833) 15493
"Manturovo" (58.3333, 44.7667) 15452
"Krasnovishersk" (60.4000, 57.0667) 15359
"Abaza" (52.6500, 90.0833) 15335
"Chaltyr" (47.2848, 39.4823) 15334
"Poronaysk" (49.2167, 143.1000) 15311
"Shchigry" (51.8811, 36.9031) 15292
"Pestovo" (58.6000, 35.8167) 15269
"Boksitogorsk" (59.4833, 33.8500) 15249
"Aramil" (56.7000, 60.8333) 15236
"Belokurikha" (52.0000, 84.9833) 15160
"Kulunda" (52.5667, 78.9472) 15102
"Leninsk" (48.7000, 45.2000) 15064
"Zapolyarnyy" (69.4167, 30.8000) 15037
"Pallasovka" (50.0500, 46.8833) 14940
"Nerchinsk" (51.9833, 116.5833) 14919
"Gryazovets" (58.8833, 40.2500) 14916
"Pugachev" (52.0133, 48.8025) 14908
"Sukhinichi" (54.1000, 35.3500) 14901
"Kizel" (59.0500, 57.6500) 14883
"Udelnaya" (55.6333, 38.0333) 14870
"Kondrovo" (54.8064, 35.9278) 14857
"Chegdomyn" (51.1178, 133.0241) 14855
"Navashino" (55.5333, 42.2000) 14830
"Nevel" (56.0167, 29.9333) 14819
"Karabanovo" (56.3089, 38.7014) 14786
"Shlisselburg" (59.9500, 31.0333) 14763
"Danilov" (58.1833, 40.1833) 14746
"Arzgir" (45.3736, 44.2208) 14722
"Katyr-Yurt" (43.1700, 45.3711) 14720
"Tsivilsk" (55.8667, 47.4833) 14718
"Agidel" (55.9000, 53.9333) 14601
"Ust’-Ordynskiy" (52.8330, 104.7000) 14538
"Tsimlyansk" (47.6467, 42.0947) 14528
"Krasnyy Kut" (50.9500, 46.9667) 14483
"Polyarnyye Zori" (67.3658, 32.4981) 14421
"Chudovo" (59.1281, 31.6592) 14394
"Valday" (57.9667, 33.2500) 14379
"Medvezhyegorsk" (62.9171, 34.4569) 14340
"Lakinsk" (56.0169, 39.9494) 14330
"Kashin" (57.3600, 37.6039) 14287
"Yakhroma" (56.2833, 37.4833) 14275
"Ochër" (57.8833, 54.7167) 14226
"Zherdevka" (51.8333, 41.4667) 14214
"Venëv" (54.3500, 38.2667) 14211
"Geldagana" (43.2162, 46.0381) 14111
"Lukoyanov" (55.0383, 44.4978) 14104
"Trubchevsk" (52.5833, 33.7667) 14001
"Novoulyanovsk" (54.1500, 48.3833) 13990
"Dubovka" (49.0500, 44.8333) 13988
"Mayrtup" (43.2036, 46.1322) 13824
"Melenki" (55.3333, 41.6333) 13789
"Kupino" (54.3667, 77.3000) 13777
"Kuleshovka" (47.0794, 39.5378) 13692
"Svetlogorsk" (54.9333, 20.1500) 13663
"Nikolayevsk" (50.0167, 45.4500) 13660
"Ak-Dovurak" (51.1667, 90.6000) 13580
"Zhukovo" (55.0333, 36.7500) 13576
"Kudrovo" (59.9086, 30.5136) 13501
"Pervomaysk" (54.8667, 43.8000) 13496
"Golyshmanovo" (56.3819, 68.3715) 13424
"Oboyan" (51.2088, 36.2637) 13413
"Alleroy" (43.2172, 46.2822) 13405
"Akhty" (41.4647, 47.7400) 13405
"Ruza" (55.6989, 36.1953) 13403
"Mogocha" (53.7333, 119.7667) 13285
"Novouzensk" (50.4500, 48.1500) 13261
"Kasumkent" (41.6667, 48.1333) 13232
"Gvardeysk" (54.6500, 21.0667) 13227
"Belëv" (53.8000, 36.1333) 13180
"Uyar" (55.8167, 94.3167) 13167
"Zabaykalsk" (49.6514, 117.3269) 13154
"Kaspiyskiy" (45.3833, 47.3667) 13125
"Petushki" (55.9333, 39.4667) 13112
"Strunino" (56.3733, 38.5850) 13094
"Krasnozavodsk" (56.4381, 38.2294) 13076
"Chernigovka" (44.3333, 132.5667) 13046
"Divnoye" (45.9089, 43.3547) 12998
"Gornyak" (51.0000, 81.4667) 12972
"Svirsk" (53.0833, 103.3333) 12945
"Fokino" (53.4500, 34.4167) 12938
"Sim" (54.9931, 57.6983) 12893
"Vyazemskiy" (47.5333, 134.7500) 12889
"Syasstroy" (60.1333, 32.5667) 12824
"Gorokhovets" (56.2028, 42.6925) 12799
"Taldom" (56.7333, 37.5333) 12777
"Kalyazin" (57.2333, 37.8500) 12770
"Adygeysk" (44.8800, 39.1900) 12745
"Samashki" (43.2906, 45.3014) 12738
"Surkhakhi" (43.1875, 44.9019) 12734
"Staryye Atagi" (43.1126, 45.7339) 12720
"Shilka" (51.8500, 116.0333) 12663
"Snezhnogorsk" (69.1942, 33.2331) 12642
"Dalmatovo" (56.2667, 62.9167) 12631
"Yemva" (62.5833, 50.8500) 12630
"Baykalsk" (51.5172, 104.1561) 12629
"Yuzha" (56.5833, 42.0167) 12595
"Kataysk" (56.3000, 62.5667) 12565
"Petrov Val" (50.1333, 45.2167) 12544
"El’khotovo" (43.3333, 44.2000) 12501
"Kameshkovo" (56.3492, 40.9978) 12496
"Khvalynsk" (52.4833, 48.1000) 12391
"Alkhan-Kala" (43.2586, 45.5392) 12340
"Bodaybo" (57.8506, 114.1933) 12316
"Uren" (57.4667, 45.7833) 12309
"Mesker-Yurt" (43.2514, 45.9072) 12224
"Aleksandrovsk" (59.1667, 57.5833) 12222
"Sernovodsk" (43.3117, 45.1594) 12221
"Krasnyy Yar" (46.5331, 48.3456) 12214
"Botlikh" (42.6650, 46.2200) 12159
"Cherlak" (54.1605, 74.8200) 12122
"Toropets" (56.5000, 31.6333) 12048
"Islamey" (43.7114, 43.4233) 12001
"Krasnousol’skiy" (53.8947, 56.4686) 11991
"Volosovo" (59.4500, 29.4833) 11987
"Arkadak" (51.9333, 43.5000) 11895
"Novaya Lyalya" (59.0500, 60.6000) 11879
"Chaplygin" (53.2417, 39.9667) 11802
"Dolinsk" (47.3167, 142.8000) 11765
"Magdagachi" (53.4500, 125.8000) 11739
"Zayukovo" (43.6161, 43.3339) 11717
"Nyazepetrovsk" (56.0500, 59.6000) 11687
"Udachnyy" (66.4000, 112.3000) 11676
"Kem" (64.9500, 34.6000) 11604
"Likhoslavl" (57.1167, 35.4667) 11594
"Chegem Vtoroy" (43.6022, 43.6242) 11575
"Severnyy" (67.6083, 64.1233) 11562
"Zvenigovo" (55.9667, 48.0167) 11504
"Aginskoye" (51.1031, 114.5228) 11491
"Drezna" (55.7500, 38.8333) 11480
"Chkalovsk" (56.7667, 43.2500) 11462
"Nikel" (69.4081, 30.2206) 11437
"Sorsk" (54.0000, 90.2500) 11416
"Yuryuzan" (54.8667, 58.4333) 11415
"Chekmagush" (55.1411, 54.6500) 11382
"Gornozavodsk" (58.3833, 58.3167) 11375
"Pionerskiy" (54.9500, 20.2167) 11312
"Boguchar" (49.9333, 40.5500) 11270
"Tetyushi" (54.9333, 48.8333) 11250
"Boguchany" (58.3667, 97.4500) 11232
"Korablino" (53.9167, 40.0167) 11220
"Chulym" (55.1000, 80.9667) 11216
"Kursavka" (44.4600, 42.4953) 11215
"Zakamensk" (50.3833, 103.2833) 11164
"Baley" (51.5833, 116.6333) 11151
"Kirensk" (57.7833, 108.1000) 11139
"Nazyvayevsk" (55.5667, 71.3500) 11101
"Vilyuysk" (63.7500, 121.6167) 11095
"Alatyr" (54.8500, 46.5833) 11086
"Narimanov" (46.6833, 47.8500) 11079
"Sosnovka" (56.2500, 51.2833) 11027
"Shalushka" (43.5261, 43.5594) 11004
"Karabash" (55.4833, 60.2000) 10999
"Shagonar" (51.5333, 92.9000) 10995
"Borovsk" (55.2000, 36.4833) 10966
"Verkhniy Tagil" (57.3833, 59.9333) 10962
"Neman" (55.0333, 22.0333) 10931
"Kamen’-Rybolov" (44.7667, 132.0167) 10909
"Zasechnoye" (53.1142, 45.0601) 10906
"Kandry" (54.5667, 54.1167) 10885
"Surazh" (53.0167, 32.4000) 10884
"Mesyagutovo" (55.5322, 58.2550) 10883
"Khorol" (44.4250, 132.0750) 10860
"Khasanya" (43.4333, 43.5750) 10829
"Praskoveya" (44.7444, 44.2031) 10721
"Zavitinsk" (50.1167, 129.4333) 10721
"Nadezhda" (45.0448, 42.1104) 10695
"Yuzhno-Sukhokumsk" (44.6667, 45.6500) 10641
"Sosenskiy" (54.0500, 35.9667) 10628
"Khilok" (51.3500, 110.4500) 10607
"Malaya Vishera" (58.8500, 32.2167) 10602
"Peschanokopskoye" (46.1961, 41.0775) 10593
"Vysokovsk" (56.3167, 36.5500) 10586
"Zmeinogorsk" (51.1580, 82.1874) 10533
"Vorsma" (55.9833, 43.2667) 10491
"Olëkminsk" (60.3833, 120.4333) 10490
"Pitkyaranta" (61.5667, 31.4833) 10479
"Ivangorod" (59.3750, 28.2053) 10453
"Sylva" (57.3139, 58.7889) 10448
"Zuyevka" (58.4033, 51.1304) 10447
"Sudogda" (55.9500, 40.8667) 10442
"Nevelsk" (46.6500, 141.8667) 10421
"Belaya Kholunitsa" (58.8333, 50.8500) 10406
"Taksimo" (56.3315, 114.8900) 10359
"Zhatay" (62.1641, 129.8431) 10352
"Magas" (43.1667, 44.8167) 10333
"Vytegra" (61.0000, 36.4500) 10324
"Buzdyak" (54.5711, 54.5308) 10323
"Tyukalinsk" (55.8667, 72.2000) 10311
"Argayash" (55.4889, 60.8767) 10293
"Zaozërnyy" (55.9667, 94.7000) 10286
"Kambarka" (56.2667, 54.2000) 10276
"Ertil" (51.8333, 40.8000) 10265
"Luza" (60.6167, 47.2833) 10232
"Mikhaylov" (54.2333, 39.0333) 10174
"Opochka" (56.7167, 28.6500) 10148
"Zavolzhsk" (57.4833, 42.1333) 10121
"Tolbazy" (54.0060, 55.8942) 10114
"Sylva" (58.0333, 56.7681) 10113
"Nogliki" (51.8333, 143.1667) 10098
"Yermolino" (55.2000, 36.6000) 10089
"Digora" (43.1500, 44.1500) 10075
"Kosh-Agach" (49.9927, 88.6760) 10061
"Kargopol" (61.5000, 38.9333) 10055
"Krivodanovka" (55.0914, 82.6489) 10051
"Ikryanoye" (46.0903, 47.7306) 10036
"Vuktyl" (63.8667, 57.3167) 10017
"Dylym" (43.0714, 46.6316) 10014
"Volodarsk" (56.2333, 43.2000) 9972
"Urzhum" (57.1167, 50.0000) 9919
"Zaozërsk" (69.4000, 32.4500) 9915
"Kushnarënkovo" (55.1049, 55.3479) 9870
"Varna" (53.3819, 60.9747) 9869
"Belomorsk" (64.5167, 34.7667) 9861
"Mikun" (62.3500, 50.0667) 9837
"Suntar" (62.1575, 117.6442) 9826
"Serafimovskiy" (54.4242, 53.7964) 9813
"Totma" (59.9833, 42.7667) 9805
"Dorogobuzh" (54.9200, 33.3078) 9793
"Nyurba" (63.2833, 118.3333) 9786
"Alkhan-Yurt" (43.2317, 45.5722) 9783
"Suzdal" (56.4211, 40.4489) 9749
"Lakha Nëvre" (43.6228, 45.3397) 9748
"Novyye Atagi" (43.1328, 45.7797) 9738
"Aleksandrov Gay" (50.1333, 48.5500) 9728
"Nolinsk" (57.5572, 49.9342) 9722
"Shchuchye" (55.2167, 62.7667) 9711
"Kola" (68.8831, 33.0219) 9691
"Pechory" (57.8167, 27.6000) 9670
"Kenzhe" (43.4975, 43.5539) 9669
"Krasnogvardeyskoye" (45.1278, 39.5725) 9617
"Zadonsk" (52.3833, 38.9167) 9614
"Levokumskoye" (44.8225, 44.6611) 9602
"Valerik" (43.1797, 45.4081) 9584
"Bakaly" (55.1764, 53.8026) 9568
"Dombarovskiy" (50.7546, 59.5400) 9556
"Igrim" (63.1933, 64.4194) 9545
"Ashukino" (56.1667, 37.9500) 9544
"Burayevo" (55.8407, 55.4083) 9522
"Soldato-Aleksandrovskoye" (44.2659, 43.7562) 9516
"Skopin" (53.8167, 39.5500) 9511
"Aleksandrovsk-Sakhalinskiy" (50.9000, 142.1500) 9504
"Rudnya" (54.9500, 31.0667) 9484
"Sultan-Yangiyurt" (43.2167, 46.8667) 9458
"Kirs" (59.3372, 52.2455) 9453
"Bezhetsk" (57.7833, 36.7000) 9450
"Shira" (54.4911, 89.9597) 9448
"Aniva" (46.7167, 142.5167) 9445
"Novogagatli" (43.4561, 46.4819) 9442
"Yutsa" (43.9625, 42.9875) 9427
"Krasnoslobodsk" (54.4333, 43.7833) 9397
"Verkhneyarkeyevo" (55.4458, 54.3168) 9384
"Navoloki" (57.4667, 41.9667) 9374
"Kargat" (55.2000, 80.2833) 9370
"Verkhneuralsk" (53.8833, 59.2167) 9340
"Chechen-Aul" (43.2000, 45.7889) 9300
"Belousovo" (55.0917, 36.6667) 9288
"Pokrovsk" (61.4833, 129.1500) 9256
"Zavyalovo" (56.7903, 53.3806) 9243
"Nizhniye Sergi" (56.6667, 59.3000) 9243
"Skovorodino" (53.9833, 123.9333) 9231
"Lesnoy Gorodok" (55.6389, 37.2083) 9226
"Mikhaylovskoye" (43.0997, 44.6317) 9217
"Aniskino" (55.9417, 38.1500) 9208
"Obyachevo" (60.3386, 49.6092) 9206
"Podstepki" (53.5151, 49.1294) 9186
"Mikhaylovka" (43.9500, 132.0167) 9153
"Ust’-Nera" (64.5666, 143.2000) 9148
"Bichura" (50.5864, 107.5975) 9145
"Chadan" (51.2833, 91.5667) 9139
"Minyar" (55.0667, 57.5500) 9128
"Tarusa" (54.7167, 37.1833) 9101
"Kharovsk" (59.9642, 40.1912) 9099
"Vinsady" (44.0817, 42.9606) 9079
"Kuvshinovo" (57.0333, 34.1667) 9068
"Bolokhovo" (54.0833, 37.8167) 9043
"Verkhnyaya Tura" (58.3574, 59.8224) 9039
"Yelnya" (54.5667, 33.1667) 8993
"Dzhalka" (43.3186, 45.9878) 8972
"Mikhaylovsk" (56.4333, 59.1167) 8921
"Suoyarvi" (62.0833, 32.3667) 8920
"Serafimovich" (49.5833, 42.7333) 8914
"Topchikha" (52.8211, 83.1197) 8906
"Kratovo" (55.5911, 38.1803) 8904
"Pudozh" (61.8000, 36.5333) 8897
"Kozlovka" (55.8333, 48.2500) 8866
"Neya" (58.2833, 43.8667) 8865
"Psyzh" (44.2231, 42.0225) 8836
"Povarovo" (56.0767, 37.0622) 8834
"Soltsy" (58.1167, 30.3167) 8803
"Gorodovikovsk" (46.0833, 41.9333) 8798
"Belozërsk" (60.0333, 37.7833) 8786
"Mariinskiy Posad" (56.1167, 47.7167) 8755
"Porkhov" (57.7667, 29.5500) 8743
"Gremyachinsk" (58.5667, 57.8333) 8732
"Volchansk" (59.9333, 60.0500) 8722
"Mrakovo" (52.7139, 56.6269) 8690
"Uglegorsk" (49.0667, 142.0333) 8687
"Gubden" (42.5658, 47.5631) 8627
"Ustyuzhna" (58.8333, 36.4333) 8622
"Verkhoturye" (58.8667, 60.8000) 8612
"Laishevo" (55.4000, 49.5500) 8604
"Verkhniye Achaluki" (43.3469, 44.6975) 8590
"Verkhniy Mamon" (50.1678, 40.3967) 8561
"Pochinok" (54.4000, 32.4500) 8545
"Novoselitskoye" (44.7508, 43.4369) 8544
"Dubovskoye" (47.4092, 42.7575) 8544
"Lipki" (53.9500, 37.7000) 8541
"Karmaskaly" (54.3694, 56.1778) 8540
"Obluchye" (49.0000, 131.0500) 8540
"Chermen" (43.1500, 44.7333) 8508
"Biryusinsk" (55.9500, 97.8167) 8497
"Bolgar" (54.9667, 49.0333) 8476
"Vetluga" (57.8556, 45.7811) 8455
"Elin-Yurt" (43.6717, 44.9602) 8446
"Yadrin" (55.9500, 46.2000) 8387
"Yuryevets" (57.3167, 43.1000) 8378
"Ketovo" (55.3525, 65.3281) 8310
"Olovyannaya" (50.9500, 115.5666) 8247
"Sychëvka" (55.8253, 34.2736) 8220
"Kosterëvo" (55.9333, 39.6333) 8216
"Novaya Ladoga" (60.1000, 32.3000) 8203
"Komsomolsk" (57.0333, 40.3833) 8189
"Khomutovo" (52.4758, 104.4156) 8184
"Verkhnyaya Khava" (51.8406, 39.9414) 8154
"Sarmakovo" (43.7397, 43.1894) 8128
"Medyn" (54.9667, 35.8667) 8109
"Endirey" (43.1681, 46.6529) 8105
"Tolstoy-Yurt" (43.4456, 45.7789) 8097
"Olonets" (60.9833, 32.9667) 8091
"Zapadnaya Dvina" (56.2667, 32.0833) 8089
"Melnikovo" (56.5500, 84.0667) 8048
"Grabovo" (53.3794, 45.0619) 8048
"Taseyevo" (57.2119, 94.8958) 8038
"Krasnokholmskiy" (55.9861, 55.0448) 8021
"Insar" (53.8667, 44.3667) 8010
"Kozhevnikovo" (56.2500, 83.9667) 8009
"Nikolsk" (59.5333, 45.4500) 7996
"Abatskoye" (56.2872, 70.4542) 7959
"Krasnyy Yar" (53.4975, 50.3889) 7958
"Myskhako" (44.6592, 37.7631) 7954
"Mamonovo" (54.4667, 19.9333) 7953
"Tukan" (53.8419, 57.4611) 7946
"Vityazevo" (44.9833, 37.2667) 7936
"Molochnoye" (59.2914, 39.6683) 7919
"Gorodishche" (53.2667, 45.7000) 7885
"Arkhipo-Osipovka" (44.3630, 38.5337) 7853
"Staraya Sunzha" (43.3356, 45.7439) 7843
"Baksanenok" (43.6897, 43.6547) 7843
"Bol’sheust’ikinskoye" (55.9453, 58.2679) 7839
"Makushino" (55.2000, 67.2500) 7811
"Malaya Purga" (56.5542, 52.9953) 7768
"Benoy-Yurt" (43.6931, 45.0503) 7738
"Korkmaskala" (43.0281, 47.2919) 7722
"Dolgoderevenskoye" (55.3444, 61.3422) 7700
"Belinskiy" (52.9667, 43.4167) 7694
"Staritsa" (56.5075, 34.9356) 7676
"Askarovo" (53.3333, 58.5167) 7634
"Chërnyy Yar" (48.0603, 46.1086) 7621
"Yenotayevka" (47.2436, 47.0328) 7616
"Mglin" (53.0611, 32.8483) 7578
"Kabardinka" (44.6511, 37.9386) 7550
"Dno" (57.8333, 29.9667) 7525
"Ivanovskoye" (44.5772, 41.8697) 7518
"Kirgiz-Miyaki" (53.6345, 54.8008) 7473
"Kirillov" (59.8667, 38.3833) 7468
"Salair" (54.2333, 85.8000) 7452
"Kargasok" (59.0578, 80.8711) 7424
"Malmyzh" (56.5167, 50.6667) 7422
"Isyangulovo" (52.1925, 56.5803) 7418
"Sovetsk" (53.9333, 37.6333) 7405
"Ivolginsk" (51.7492, 107.2836) 7382
"Uyskoye" (54.3750, 60.0000) 7352
"Lakhdenpokhya" (61.5167, 30.2000) 7294
"Petropavlovka" (50.6080, 105.3218) 7277
"Kurush" (43.3850, 46.7592) 7277
"Barvikha" (55.7411, 37.2761) 7213
"Yakshur-Bod’ya" (57.1883, 53.1592) 7211
"Krasnogvardeyskoye" (50.6500, 38.4000) 7205
"Novolakskoye" (43.1167, 46.4833) 7159
"Dalakovo" (43.2375, 44.5897) 7158
"Koshekhabl" (44.9000, 40.4833) 7157
"Duba-Yurt" (43.0353, 45.7306) 7135
"Krasnyy Klyuch" (55.3842, 56.6483) 7128
"Krasnyy Chikoy" (50.3667, 108.7500) 7107
"Bednodem’yanovsk" (53.9333, 43.1833) 7106
"Durgeli" (42.6656, 47.2967) 7105
"Novosokolniki" (56.3333, 30.1500) 7105
"Okhansk" (57.7167, 55.3833) 7087
"Andreapol" (56.6500, 32.2667) 7079
"Yarkovo" (57.4081, 67.0825) 7017
"Polessk" (54.8667, 21.1000) 7011
"Tubinskiy" (52.8892, 58.2225) 7007
"Magaramkent" (41.6159, 48.3480) 6953
"Berdakel" (43.2645, 45.8226) 6945
"Akyar" (51.8636, 58.2106) 6941
"Tommot" (58.9667, 126.2667) 6935
"Vengerovo" (55.6833, 76.7492) 6928
"Askino" (56.0869, 56.5792) 6918
"Staryy Cherek" (43.4750, 43.8611) 6898
"Nizhnyaya Tavda" (57.6731, 66.1725) 6846
"Puchezh" (56.9833, 43.1667) 6813
"Vizinga" (61.0750, 50.1031) 6810
"Knyaginino" (55.8167, 45.0333) 6804
"Zakan-Yurt" (43.2617, 45.4217) 6802
"Psygansu" (43.4125, 43.8056) 6797
"Ytyk-Kyuyël’" (62.3623, 133.5625) 6796
"Khandyga" (62.6660, 135.6000) 6796
"Velizh" (55.6000, 31.2000) 6788
"Dovolnoye" (54.4917, 79.6736) 6774
"Semënovka" (56.6519, 47.9756) 6751
"Yetkul" (54.8222, 61.5881) 6740
"Aleksandrovskoye" (60.4286, 77.8658) 6721
"Levokumka" (44.2297, 43.1481) 6715
"Kurumoch" (53.4889, 50.0372) 6697
"Kamennogorsk" (60.9500, 29.1333) 6696
"Bol’shaya Chernigovka" (52.0983, 50.8667) 6693
"Domna" (51.8971, 113.1573) 6687
"Karagay" (58.2714, 54.9389) 6682
"Supsekh" (44.8611, 37.3667) 6669
"Sevsk" (52.1500, 34.4939) 6663
"Kizilskoye" (52.7250, 58.8917) 6651
"Verkhniye Tatyshly" (56.2903, 55.8539) 6645
"Verkhniye Kigi" (55.4053, 58.6043) 6637
"Zavetnoye" (47.1172, 43.8908) 6633
"Amga" (60.8972, 131.9806) 6626
"Orlov" (58.5333, 48.8833) 6607
"Bezopasnoye" (45.6376, 41.9358) 6598
"Sretensk" (52.2500, 117.7167) 6581
"Makaryev" (57.8833, 43.8000) 6579
"Verkhneye Kazanishche" (42.7306, 47.1381) 6573
"Makarov" (48.6270, 142.7800) 6567
"Agapovka" (53.2942, 59.1344) 6561
"Spassk-Ryazanskiy" (54.4000, 40.3833) 6553
"Tsiolkovskiy" (51.7603, 128.1212) 6535
"Gamovo" (57.8672, 56.1031) 6523
"Yar-Sale" (66.8633, 70.8300) 6486
"Bagrationovsk" (54.3833, 20.6333) 6482
"Shalya" (57.2408, 58.7344) 6471
"Berdigestyakh" (62.0984, 126.6957) 6462
"Baykalovo" (57.3969, 63.7672) 6457
"Vozdvizhenka" (43.9000, 131.9333) 6454
"Grayvoron" (50.4833, 35.6667) 6449
"Bizhbulyak" (53.6967, 54.2642) 6446
"Dmitriyev-L’govskiy" (52.1289, 35.0756) 6430
"Sengiley" (53.9667, 48.8000) 6405
"Yermolayevo" (52.7167, 55.8000) 6397
"Kizhinga" (51.8464, 109.9128) 6373
"Yazykovo" (54.6917, 55.0161) 6368
"Usolye" (59.4167, 56.6833) 6368
"Tatarka" (44.9575, 41.9299) 6365
"Serzhen’-Yurt" (43.1228, 45.9858) 6359
"Divnomorskoye" (44.5008, 38.1353) 6358
"Oranzherei" (45.8476, 47.5663) 6350
"Starokucherganovka" (46.3250, 47.9581) 6343
"Staraya Mayna" (54.6089, 48.9281) 6331
"Verkhnevilyuysk" (63.4506, 120.2983) 6329
"Strugi-Krasnyye" (58.2719, 29.1083) 6313
"Zubtsov" (56.1667, 34.5833) 6300
"Khurba" (50.4069, 136.8761) 6277
"Sotnikovo" (51.8833, 107.4833) 6274
"Sursk" (53.0833, 45.7000) 6254
"Velikovechnoye" (44.9350, 39.7550) 6238
"Vesyegonsk" (58.6500, 37.2667) 6219
"Murashi" (59.3833, 48.9667) 6218
"Demidov" (55.2667, 31.5167) 6213
"Kudryashovskiy" (55.0944, 82.7778) 6205
"Nikolo-Berëzovka" (56.1242, 54.1557) 6202
"Lakkha Nëvre" (43.6103, 45.2453) 6188
"Temnikov" (54.6333, 43.2167) 6179
"Odesskoye" (54.1861, 73.0500) 6148
"Kuybyshevo" (47.8183, 38.9083) 6145
"Chemodanovka" (53.2353, 45.2475) 6133
"Ivanovka" (51.7183, 55.1882) 6129
"Sosnovo-Ozerskoye" (52.5247, 111.5411) 6128
"Umba" (66.6814, 34.3455) 6128
"Trunovskoye" (45.4950, 42.1294) 6121
"Novokhopërsk" (51.1000, 41.6167) 6108
"Verkhniy Avzyan" (53.5289, 57.5372) 6064
"Ulëty" (51.3561, 112.4828) 6061
"Uchaly" (54.3689, 59.4342) 6049
"Kabansk" (52.0486, 106.6528) 6038
"Takhtamukay" (44.9172, 38.9961) 6031
"Mishkino" (55.5342, 55.9633) 6021
"Krasavino" (60.9667, 46.4833) 6021
"Verkh-Tula" (54.8833, 82.7806) 6020
"Parabel’" (58.6978, 81.4825) 6018
"Khlevnoye" (52.1951, 39.0932) 6007
"Soligalich" (59.0833, 42.2833) 5998
"Azovo" (54.6997, 73.0236) 5997
"Belyayevka" (51.3975, 56.4167) 5992
"Yukhnov" (54.7500, 35.2333) 5985
"Tazovskiy" (67.4667, 78.7000) 5981
"Karaidel" (55.8377, 56.9098) 5980
"Alnashi" (56.1874, 52.4792) 5964
"Novobelokatay" (55.7066, 58.9580) 5961
"Kulary" (43.2397, 45.5042) 5960
"Fatezh" (52.0894, 35.8589) 5951
"Tashtyp" (52.7975, 89.8936) 5946
"Achikulak" (44.5467, 44.8314) 5936
"Shatsk" (54.0333, 41.7000) 5935
"Sterlibashevo" (53.4372, 55.2586) 5930
"Sharan" (54.8167, 54.0000) 5929
"Zaraysk" (54.7653, 38.8836) 5918
"Alzamay" (55.5500, 98.6667) 5908
"Ubinskoye" (55.3000, 79.6833) 5908
"Turuntayevo" (52.2000, 107.6167) 5901
"Bazarnyye Mataki" (54.9053, 49.9258) 5899
"Shemordan" (56.1833, 50.3833) 5876
"Mundybash" (53.2333, 87.3167) 5870
"Mindyak" (54.0331, 58.8025) 5862
"Korocha" (50.8167, 37.2000) 5853
"Poshekhonye" (58.5000, 39.1167) 5821
"Arkhangelskoye" (54.4039, 56.7797) 5819
"Urvan" (43.4894, 43.7653) 5813
"Debesy" (57.6500, 53.8167) 5778
"Novaya Mayna" (54.1472, 49.7719) 5778
"Spasskoye" (44.6145, 132.7970) 5778
"Zandak" (43.0572, 46.4556) 5773
"Sokur" (55.2092, 83.3183) 5770
"Kamennomostskoye" (43.7336, 43.0458) 5760
"Sudzha" (51.1907, 35.2708) 5759
"Chernolesskoye" (44.7156, 43.7133) 5747
"Dyshne-Vedeno" (42.9555, 46.1248) 5732
"Kapustin Yar" (48.5672, 45.7778) 5724
"Bol’shaya Kudara" (50.2039, 107.0492) 5712
"Krym" (47.3003, 39.5164) 5709
"Vladimiro-Aleksandrovskoye" (42.8903, 133.0722) 5708
"Barguzin" (53.6172, 109.6347) 5702
"Tiksi" (71.6269, 128.8350) 5700
"Barabash" (43.1917, 131.4889) 5691
"Shatrovo" (56.5197, 64.6319) 5688
"Primorsk" (60.3667, 28.6167) 5682
"Kazminskoye" (44.5888, 41.6730) 5676
"Sigayevo" (56.4200, 53.7678) 5659
"Gavrilov Posad" (56.5667, 40.1167) 5657
"Myshkin" (57.7833, 38.4500) 5647
"Gergebil" (42.5050, 47.0658) 5622
"Subkhankulovo" (54.5586, 53.8147) 5598
"Starobaltachevo" (56.0012, 55.9273) 5598
"Novoyegor’yevskoye" (51.7667, 80.8667) 5596
"Onguday" (50.7500, 86.1333) 5586
"Zilair" (52.2322, 57.4403) 5585
"Aginskoye" (55.2606, 94.9144) 5584
"Kugulta" (45.3642, 42.3869) 5574
"Okhotsk" (59.3830, 143.2170) 5570
"Shikhany" (52.1167, 47.2000) 5560
"Altud" (43.7181, 43.8722) 5554
"Alkhazurovo" (43.0628, 45.6511) 5534
"Bagan" (54.1000, 77.6667) 5510
"Benoy" (42.9774, 46.3094) 5484
"Kurumkan" (54.3167, 110.3167) 5465
"Bol’shoye Nagatkino" (54.5167, 47.9667) 5462
"Zhizdra" (53.7503, 34.7361) 5461
"Makhkety" (42.9663, 45.9063) 5454
"Pervomayskoye" (52.5883, 85.2614) 5454
"Nachalovo" (46.3386, 48.1997) 5451
"Prigorodnoye" (43.2531, 45.7581) 5449
"Tura" (64.2833, 100.2500) 5444
"Piterka" (50.6667, 47.4333) 5439
"Poretskoye" (55.1975, 46.3292) 5436
"Paranga" (56.7039, 49.4047) 5411
"Zdvinsk" (54.7000, 78.6667) 5402
"Sebezh" (56.2833, 28.4833) 5401
"Mikhaylovka" (54.8050, 55.8919) 5384
"Linda" (56.6128, 44.0972) 5383
"Yarkovo" (54.8056, 82.5989) 5379
"Tsibanobalka" (44.9803, 37.3439) 5370
"Zlynka" (52.4333, 31.7333) 5369
"Russko-Vysotskoye" (59.7014, 29.9431) 5356
"Pytalovo" (57.0667, 27.9167) 5354
"Komsomolskoye" (55.2615, 47.5386) 5345
"Solyanka" (46.3889, 48.0175) 5332
"Shalazhi" (43.0947, 45.3589) 5332
"Spas-Klepiki" (55.1333, 40.1667) 5331
"Bilibino" (68.0500, 166.4500) 5319
"Bol’shoye Sorokino" (56.6272, 69.7911) 5317
"Sedelnikovo" (56.9500, 75.3333) 5316
"Kolosovka" (56.4644, 73.6114) 5313
"Molchanovo" (57.5811, 83.7606) 5305
"Krivosheino" (57.3431, 83.9261) 5297
"Zyazikov" (43.4957, 44.7677) 5296
"Znamenskoye" (57.1278, 73.8244) 5294
"Bogoslovka" (53.2189, 44.8083) 5286
"Kyshtovka" (56.5550, 76.6271) 5282
"Verkhnerusskiy" (45.1324, 41.9424) 5276
"Avdon" (54.6692, 55.7164) 5263
"Sechenovo" (55.2244, 45.8906) 5263
"Lomovka" (53.9208, 58.3683) 5257
"Syumsi" (57.1111, 51.6150) 5250
"Beya" (53.0458, 90.9414) 5247
"Sasykoli" (47.5515, 46.9968) 5224
"Khatassy" (61.9064, 129.6331) 5222
"Kuba" (43.8589, 43.4472) 5218
"Komsomol’skoye" (43.3892, 46.1573) 5215
"Kyren" (51.6783, 102.1361) 5210
"Selty" (57.3097, 52.1358) 5204
"Konstantinovka" (49.6175, 127.9889) 5197
"Baryshevo" (54.9561, 83.1854) 5195
"Otrado-Ol’ginskoye" (45.3060, 40.9397) 5190
"Rodniki" (55.6333, 38.0333) 5189
"Staroye Shaygovo" (54.3031, 44.4739) 5185
"Shebalino" (51.2917, 85.6772) 5185
"Severnoye" (56.3500, 78.3667) 5178
"Berdyuzhye" (55.8042, 68.3000) 5158
"Zyryanskoye" (56.8306, 86.6272) 5150
"Krasnyy Kholm" (58.0500, 37.0167) 5140
"Chernyshevskiy" (63.0128, 112.4714) 5137
"Idrinskoye" (54.3697, 92.1342) 5135
"Vedeno" (42.9616, 46.1038) 5133
"Russkiy Kameshkir" (52.8657, 46.0933) 5131
"Mukhorshibir" (51.0473, 107.8236) 5128
"Vereya" (55.3333, 36.1833) 5123
"Dmitrovsk-Orlovskiy" (52.5050, 35.1464) 5105
"Lyubim" (58.3500, 40.7000) 5076
"Bol’shoye Boldino" (55.0039, 45.3097) 5074
"Khatukay" (45.1833, 39.6667) 5072
"Konstantinovskoye" (45.2992, 42.6367) 5071
"Lesnikovo" (55.2822, 65.3175) 5056
"Nikolo-Pavlovskoye" (57.8036, 60.0286) 5042
"Uvat" (59.1423, 68.8888) 5031
"Chukhloma" (58.7500, 42.7000) 5015
"Rabotki" (56.0436, 44.6033) 5000
"Amzya" (56.2347, 54.3850) 4993
"Khrenovoye" (51.1200, 40.2867) 4983
"Igarka" (67.4667, 86.5667) 4975
"Kuzhener" (56.8167, 48.9167) 4961
"Sredniy Ikorets" (51.0736, 39.7533) 4946
"Veseloyarsk" (51.2874, 81.1070) 4940
"Ust’-Kamchatsk" (56.2135, 162.4350) 4939
"Arkhangel’skoye" (44.6186, 44.0931) 4935
"Khamamatyurt" (43.6078, 46.5044) 4923
"Maloyaz" (55.1825, 58.1656) 4914
"Shaami-Yurt" (43.2264, 45.3919) 4908
"Kishpek" (43.6597, 43.6400) 4901
"Kyzyl-Mazhalyk" (51.1458, 90.5808) 4896
"Vadinsk" (53.6917, 43.0500) 4891
"Turan" (52.1500, 93.9167) 4879
"Ust’-Tsil’ma" (65.4339, 52.1508) 4877
"Blagodatnoye" (45.3967, 42.5772) 4869
"Bol’shaya Sosnova" (57.6734, 54.6018) 4864
"Razdol’noye" (55.0672, 83.2407) 4861
"Alpatovo" (43.7028, 45.2417) 4861
"Pribel’skiy" (54.3750, 56.4500) 4859
"Sukpak" (51.6667, 94.6333) 4839
"Berëzovka" (53.4242, 84.0586) 4836
"Ust’-Charyshskaya Pristan’" (52.4000, 83.6500) 4809
"Ust’-Ishim" (57.6944, 71.1708) 4802
"Armizonskoye" (55.9461, 67.6736) 4776
"Turukhansk" (65.7931, 87.9622) 4774
"Kokino" (53.1542, 34.1208) 4773
"Shenkursk" (62.1000, 42.9000) 4772
"Leshukonskoye" (64.9000, 45.7667) 4760
"Susuman" (62.7808, 148.1539) 4760
"Deyskoye" (43.4744, 44.1639) 4758
"Aleksandrovka" (46.7831, 38.9986) 4744
"Bagdarin" (54.4444, 113.5872) 4735
"Staraya Vichuga" (57.2683, 41.8786) 4729
"Novoil’insk" (51.6822, 108.7103) 4700
"Akusha" (42.2781, 47.3389) 4697
"Cherdyn" (60.4000, 56.4833) 4687
"Vyaz’ma-Bryanskaya" (55.1811, 34.3311) 4684
"Russkoye" (43.8394, 44.5661) 4681
"Bograd" (54.2297, 90.8297) 4670
"Karpogory" (64.0006, 44.4450) 4667
"Siva" (58.3758, 54.3783) 4659
"Sangar" (63.9241, 127.4739) 4633
"Cheremnoye" (53.1683, 83.2150) 4624
"Khatanga" (71.9833, 102.5000) 4622
"Starosubkhangulovo" (53.1000, 57.4333) 4609
"Staroaleyskoye" (51.0061, 82.0000) 4604
"Ansalta" (42.7000, 46.1000) 4598
"Urman" (54.8733, 56.8675) 4590
"Kemlya" (54.6944, 45.2314) 4571
"Lyuban" (59.3500, 31.2500) 4566
"Yumaguzino" (52.9042, 56.3933) 4564
"Buribay" (51.9617, 58.1592) 4553
"Novyy Redant" (43.4708, 44.8014) 4549
"Yurginskoye" (56.8189, 67.3921) 4546
"Ust’-Kan" (50.9275, 84.7611) 4542
"Tukhchar" (43.2215, 46.4098) 4537
"Vvedenskoye" (55.4742, 65.0844) 4537
"Osa" (53.4000, 103.8833) 4536
"Kadnikov" (59.5000, 40.3333) 4531
"Zubutli-Miatli" (43.1989, 46.8125) 4529
"Babushkin" (51.7167, 105.8667) 4513
"Verkhniy Uslon" (55.7667, 48.9833) 4499
"Burtunay" (42.9907, 46.6314) 4484
"Babstovo" (48.1175, 132.4817) 4465
"Anuchino" (43.9567, 133.0594) 4462
"Yemanzhelinka" (54.8011, 61.2989) 4453
"Yalkhoy-Mokhk" (43.1053, 46.1906) 4452
"Novonikolsk" (43.8563, 131.8590) 4449
"Glinishchevo" (53.3042, 34.0722) 4444
"Yarensk" (62.1667, 49.1000) 4441
"Letnyaya Stavka" (45.4277, 43.4441) 4437
"Ust’-Koksa" (50.2697, 85.6108) 4437
"Tirlyanskiy" (54.2108, 58.5806) 4427
"Severnoye" (54.0917, 52.5428) 4424
"Kaltasy" (55.9694, 54.7992) 4418
"Bolkhuny" (47.9864, 46.4200) 4418
"Saryg-Sep" (51.4936, 95.5597) 4417
"Utsmiyurt" (43.5344, 46.4683) 4400
"Podgorodnyaya Pokrovka" (51.8281, 54.9875) 4394
"Mugur-Aksy" (50.3807, 90.4374) 4375
"Vydreno" (51.4833, 104.6000) 4374
"Urukh" (43.2756, 44.0300) 4373
"Fershampenuaz" (53.5167, 59.8000) 4368
"Shemëtovo" (56.5276, 38.0752) 4362
"Ikon-Khalk" (44.3100, 41.9158) 4353
"Dmitriyevka" (54.8133, 55.8000) 4351
"Soloneshnoye" (51.6586, 84.3180) 4349
"Selikhino" (50.3689, 137.5044) 4349
"Kholmogory" (64.2250, 41.6500) 4343
"Spas-Demensk" (54.4167, 34.0333) 4342
"Inzer" (54.2167, 57.5556) 4329
"Tarbagatay" (51.4806, 107.3597) 4308
"Fëdorovka" (53.1788, 55.1859) 4306
"Uinskoye" (56.8814, 56.5803) 4304
"Lechinkay" (43.5625, 43.4500) 4303
"Krasnogorskoye" (57.7069, 52.4969) 4302
"Shemursha" (54.8867, 47.5189) 4297
"Krasnaya Gorka" (55.1961, 56.6672) 4280
"Galenki" (44.0728, 131.7886) 4279
"Ladovskaya Balka" (45.6281, 41.3942) 4279
"Krasnoarmeyskoye" (55.7672, 47.1697) 4271
"Nyuksenitsa" (60.4111, 44.2344) 4271
"Myurego" (42.4161, 47.6947) 4269
"Batagay" (67.6560, 134.6350) 4266
"Khunzakh" (42.5500, 46.7500) 4245
"Germenchik" (43.5881, 43.7664) 4235
"Yashalta" (46.3394, 42.2761) 4229
"Togul" (53.4667, 85.9167) 4225
"Tuim" (54.3198, 89.9214) 4211
"Il’inka" (52.1194, 107.2708) 4203
"Sotnikovskoye" (45.0039, 43.7772) 4203
"Mosalsk" (54.4833, 34.9833) 4202
"Omsukchan" (62.5333, 155.8000) 4201
"Narovchat" (53.8811, 43.6967) 4199
"Novyy Uoyan" (56.1350, 111.7339) 4184
"Pravdinsk" (54.4500, 21.0167) 4171
"Bol’shaya Yelkhovka" (54.2781, 45.3150) 4171
"Uni" (57.7500, 51.4833) 4167
"Staraya Poltavka" (50.4786, 46.4822) 4159
"Pavlovka" (55.4224, 56.5632) 4143
"Belozërskoye" (55.8214, 65.5842) 4141
"Novochurtakh" (43.2028, 46.5331) 4132
"Zirgan" (53.2222, 55.9186) 4125
"Novaya Bryan’" (51.7206, 108.2678) 4122
"Niny" (44.4864, 43.9457) 4121
"Volovo" (52.0189, 37.8819) 4120
"Dukhovshchina" (55.2000, 32.4167) 4103
"Atemar" (54.1819, 45.4053) 4078
"Slavsk" (55.0500, 21.6667) 4074
"Tegul’det" (57.3067, 88.1600) 4059
"Pevek" (69.7000, 170.3167) 4053
"Bondari" (52.9500, 42.0667) 4052
"Zol’noye" (53.4428, 49.7975) 4022
"Pustoshka" (56.3333, 29.3667) 4017
"Chemal" (51.4111, 86.0050) 4011
"Nizhnetroitskiy" (54.3408, 53.6869) 4008
"Baklashi" (52.2256, 104.0486) 4003
"Chernukha" (55.6011, 43.7628) 4002
"Nesterov" (54.6333, 22.5667) 4001
"Zavetnoye" (44.7492, 41.5994) 3998
"Aleksandrovka" (52.6792, 54.4156) 3988
"Peshkovo" (47.0186, 39.3883) 3982
"Semiletka" (55.3603, 54.6153) 3977
"Konstantinovo" (55.4867, 37.9800) 3974
"Kochki" (54.3333, 80.4833) 3972
"Krasnoselkup" (65.7056, 82.4600) 3972
"Glyadyanskoye" (54.9075, 65.0883) 3964
"Shovgenovskiy" (45.0200, 40.2300) 3945
"Kuli" (42.0183, 47.2433) 3944
"Yukamenskoye" (57.8856, 52.2339) 3940
"Ladushkin" (54.5667, 20.1667) 3937
"Yermekeyevo" (54.0778, 53.6694) 3937
"Ozërsk" (54.4167, 22.0167) 3935
"Roshchino" (45.9111, 134.8889) 3919
"Timofeyevka" (53.5633, 49.3893) 3893
"Khambi-Irze" (43.2350, 45.4531) 3892
"Gagino" (55.2342, 45.0436) 3891
"Kurkent" (41.7119, 48.1153) 3886
"Adil’-Yangiyurt" (43.5606, 46.5864) 3864
"Vitim" (59.4515, 112.5578) 3843
"Meshchovsk" (54.3167, 35.2833) 3837
"Sinyavskoye" (47.2750, 39.2814) 3834
"Chkalovskoye" (44.8375, 133.0417) 3828
"Cherdakly" (54.3594, 48.8450) 3824
"Ust’-Tarka" (55.5667, 75.7000) 3819
"Novyy Nekouz" (57.9046, 38.0671) 3816
"Tomari" (47.7667, 142.0667) 3810
"Osypnoy Bugor" (46.2972, 48.0492) 3800
"Otrado-Kubanskoye" (45.2472, 40.8333) 3789
"Shelabolikha" (53.4131, 82.6167) 3780
"Bogashevo" (56.3653, 85.1478) 3773
"Temiraul" (43.2528, 46.8265) 3771
"Podlesnoye" (51.8064, 46.9975) 3758
"Izhma" (65.0092, 53.9169) 3753
"Log" (49.4844, 43.8614) 3748
"Lal’sk" (60.7367, 47.5853) 3741
"Zaplavnoye" (48.7047, 45.0228) 3734
"Gagatli" (42.8014, 46.2917) 3732
"Khovu-Aksy" (51.1329, 93.7129) 3728
"Cherskiy" (68.7501, 161.3300) 3707
"Novaya Maka" (41.7717, 48.3614) 3706
"Nizhniy Kurkuzhin" (43.7428, 43.3511) 3705
"Undory" (54.6085, 48.3928) 3698
"Malaya Kandala" (54.4892, 49.3908) 3695
"Yantikovo" (55.5136, 47.7776) 3690
"Palana" (59.0840, 159.9500) 3671
"Duvan" (55.6950, 57.8972) 3669
"Kuyanovo" (55.8025, 54.5364) 3664
"Khumalag" (43.2619, 44.4475) 3654
"Babugent" (43.2736, 43.5458) 3647
"Braguny" (43.4381, 46.0960) 3642
"Volnoye" (44.6178, 40.7097) 3639
"Zyryanka" (65.7360, 150.8900) 3627
"Skorodnoye" (51.0710, 37.2276) 3622
"De-Kastri" (51.4666, 140.7833) 3615
"Muzhi" (65.3981, 64.6986) 3609
"Troitskoye" (43.7500, 44.6667) 3607
"Bulgakovo" (54.5000, 55.9000) 3591
"Yaksatovo" (46.2434, 48.0151) 3576
"Krasnoye" (46.7372, 39.5644) 3569
"Nizhniy Mamon" (50.1817, 40.5444) 3564
"Aleksandriya" (45.0947, 43.2456) 3558
"Slavgorodskoye" (53.0214, 78.6436) 3557
"Teletl" (42.4278, 46.7380) 3551
"Khryashchevka" (53.8131, 49.0919) 3544
"Yurovka" (45.1147, 37.4189) 3537
"Bol’shaya Atnya" (56.2500, 49.4500) 3536
"Averyanovka" (43.8477, 46.7547) 3532
"Temyasovo" (52.9900, 58.1103) 3529
"Krestovo-Gorodishche" (54.1844, 48.6250) 3529
"Abrau-Dyurso" (44.7028, 37.6017) 3519
"Besleney" (44.2461, 41.7414) 3514
"Oktyabr’skoye" (45.6250, 42.8250) 3511
"Gereykhanovskoye" (41.6819, 48.2292) 3490
"Srednekolymsk" (67.4500, 153.7000) 3489
"Platonovka" (52.7181, 41.9593) 3475
"Verkhnyaya Toyma" (62.2347, 45.0008) 3462
"Gdov" (58.7500, 27.8167) 3460
"Chermoz" (58.7833, 56.1500) 3457
"Planovskoye" (43.3997, 44.2000) 3456
"Meskety" (43.1593, 46.3602) 3447
"Belaya Rechka" (43.4333, 43.5083) 3430
"Savinka" (50.0785, 47.0994) 3428
"Alakurtti" (66.9672, 30.3383) 3424
"Kholm" (57.1500, 31.1833) 3422
"Bobrovka" (54.0442, 61.7444) 3411
"Ulu-Telyak" (54.9128, 56.9794) 3408
"Pichayevo" (53.2350, 42.2017) 3407
"Oktyabr’skiy" (56.8442, 53.3275) 3407
"Khrushchëvo" (54.2330, 37.5337) 3404
"Privolnoye" (45.9175, 41.3072) 3400
"Zhigansk" (66.7708, 123.3710) 3399
"Zeyuko" (44.1153, 41.8281) 3399
"Rogachëvo" (56.4333, 37.1667) 3379
"Pyshchug" (58.8872, 45.7133) 3376
"Eminkhyur" (41.7658, 48.3253) 3374
"Bukachacha" (52.9833, 116.9166) 3372
"Arkhangelskoye" (54.4292, 48.6544) 3370
"Ugol’nyye Kopi" (64.7333, 177.7000) 3367
"Botashyurt" (43.3069, 46.5108) 3366
"Shafranovo" (53.9819, 54.7750) 3359
"Chaa-Khol’" (51.5150, 92.3320) 3346
"Bol’shoy Uluy" (56.6533, 90.5719) 3340
"Izhevskoye" (54.5531, 40.8689) 3340
"Cherkizovo" (55.9661, 37.7978) 3336
"Chesnokovka" (54.6097, 55.9431) 3333
"Yershichi" (53.6725, 32.7542) 3326
"Sergeyevka" (43.3431, 133.3542) 3323
"Breytovo" (58.2993, 37.8617) 3308
"Krasnogorsk" (48.4172, 142.0869) 3304
"Nizhniy Cherek" (43.5131, 43.9139) 3301
"Baykit" (61.6778, 96.3833) 3293
"Bekhteyevka" (50.8072, 37.2167) 3290
"Morgaushi" (55.9675, 46.7711) 3280
"Peremyshl" (54.2636, 36.1631) 3279
"Maloarkhangelsk" (52.4000, 36.5000) 3276
"Marfino" (46.4085, 48.7140) 3268
"Yelkhovka" (53.8667, 50.2831) 3268
"Samagaltay" (50.6022, 95.0047) 3267
"Mezen" (65.8500, 44.2333) 3267
"Il’insko-Podomskoye" (61.1167, 47.9756) 3254
"Novorzhev" (57.0333, 29.3333) 3252
"Bobrovka" (53.1822, 83.8794) 3251
"Verkhnyaya Tishanka" (51.3241, 40.5447) 3250
"Severnoye" (44.8319, 42.8583) 3249
"Uzyukovo" (53.6442, 49.6903) 3243
"Orlovka" (44.6889, 44.1726) 3241
"Kurakh" (41.5842, 47.7842) 3235
"Vasil’yevka" (53.5511, 49.5294) 3233
"Khuchni" (41.9483, 47.9462) 3232
"Sokolovo" (52.5317, 84.7897) 3224
"Chokh" (42.3156, 47.0300) 3223
"Krasnaya Polyana" (46.1131, 41.5017) 3222
"Sut-Khol’" (51.4069, 91.2925) 3215
"Staroye Drozhzhanoye" (54.7236, 47.5608) 3210
"Khandagayty" (50.7308, 92.0706) 3209
"Sadovoye" (43.4085, 45.5957) 3206
"Kalmanka" (52.8992, 83.5433) 3203
"Kiyasovo" (56.3439, 53.1225) 3200
"Belyy" (55.8333, 32.9333) 3197
"Ptichnik" (48.7462, 132.9543) 3194
"Burlatskoye" (45.0564, 43.6350) 3193
"Teeli" (51.0140, 90.2053) 3192
"Ponezhukay" (44.8865, 39.3830) 3189
"Krasnoznamensk" (54.9500, 22.5000) 3188
"Soluno-Dmitriyevskoye" (44.4025, 42.7219) 3183
"Dzhida" (50.6861, 106.1792) 3178
"Novosil" (52.9667, 37.0500) 3175
"Sukko" (44.7928, 37.4039) 3156
"Yandyki" (45.7678, 47.1258) 3149
"Aksakovo" (54.0181, 54.1525) 3131
"Zenzeli" (45.9241, 47.0474) 3131
"Kudinovo" (54.9893, 36.2489) 3124
"Krasnyye Chetai" (55.6886, 46.1386) 3118
"Verkhniy Kurkuzhin" (43.6956, 43.2747) 3113
"Bay-Khaak" (51.1610, 94.4640) 3110
"Kanadey" (53.1611, 47.5283) 3094
"Kudeyevskiy" (54.8778, 56.7644) 3091
"Povalikha" (53.5167, 83.7750) 3089
"Chernokozovo" (43.6755, 45.3530) 3085
"Blechepsin" (44.8217, 40.5017) 3084
"Natyrbovo" (44.7300, 40.6264) 3079
"Butka" (56.7167, 63.7833) 3077
"Mayachnyy" (52.6833, 55.7333) 3075
"Ust’-Maya" (60.4566, 134.5433) 3062
"Kubina" (44.0578, 41.9478) 3060
"Sergiyevsk" (53.9414, 51.1663) 3057
"Zemlyansk" (51.9042, 38.7306) 3043
"Kuba-Taba" (43.7833, 43.4500) 3042
"Mochishche" (55.1498, 82.8699) 3036
"Nagutskoye" (44.4436, 42.8669) 3026
"Alikovo" (55.7358, 46.7356) 3023
"Ulyanovo" (53.7189, 35.5356) 3022
"Gordeyevka" (52.9583, 31.9769) 3014
"Tangi" (43.0741, 45.5112) 3010
"Rogovatoye" (51.2239, 38.3708) 3001
"Yelizavetinskoye" (45.0081, 43.3519) 2998
"Saranpaul" (64.2600, 60.9083) 2985
"Ashaga-Stal-Kazmalyar" (41.6814, 48.2183) 2978
"Shingak-Kul’" (54.3861, 55.2100) 2975
"Vyartsilya" (62.1769, 30.6972) 2974
"Gay-Kodzor" (44.8536, 37.4372) 2968
"Kologriv" (58.8252, 44.3114) 2955
"Kruglolesskoye" (44.6589, 42.8142) 2955
"Yarag-Kazmalyar" (41.6497, 48.3858) 2952
"Koygorodok" (60.4450, 50.9967) 2940
"Gusinoye Ozero" (51.1228, 106.2539) 2935
"Sablinskoye" (44.5192, 43.2222) 2932
"Dzerzhinskoye" (56.5183, 84.8369) 2914
"Chapayevo" (43.1106, 46.4858) 2903
"Pervomayskiy" (56.8536, 53.3639) 2884
"Nikolskoye" (59.4600, 29.9939) 2882
"Zura" (57.6061, 53.3917) 2880
"Avadan" (41.9317, 48.3356) 2871
"Kortkeros" (61.8106, 51.5806) 2862
"Otkaznoye" (44.3264, 43.8608) 2862
"Bayramaul" (43.2989, 46.7260) 2858
"Dmitriyevskoye" (45.8125, 41.8897) 2858
"Ashaga-Stal" (41.7000, 48.2000) 2849
"Tpig" (41.7775, 47.5939) 2833
"Takhta" (45.9022, 42.1275) 2830
"Orta-Stal" (41.6667, 48.1667) 2827
"Dmitriyevskoye" (58.3382, 42.3564) 2826
"Tarasovka" (55.9636, 37.8189) 2807
"Darkushkazmalyar" (41.8062, 48.3898) 2803
"Elistanzhi" (42.9731, 46.0203) 2797
"Yanikoy" (43.5428, 43.5036) 2792
"Agvali" (42.5333, 46.1000) 2781
"Srostki" (52.4208, 85.6992) 2769
"Milovka" (54.7798, 55.8331) 2767
"Khodz" (44.5103, 40.7142) 2755
"Khoytobze" (51.7881, 107.4311) 2754
"Baratayevka" (54.2776, 48.2001) 2753
"Baryatino" (54.3103, 34.5269) 2748
"Yelenovskoye" (45.1006, 39.7078) 2747
"Kurilovka" (50.7211, 48.0322) 2746
"Ostashëvo" (55.8586, 35.8639) 2743
"Antipovka" (49.8300, 45.3122) 2724
"Verkh-Katunskoye" (52.4525, 85.4256) 2723
"Sannikovo" (53.3511, 83.9697) 2720
"Poim" (53.0264, 43.1872) 2712
"Gurulba" (51.8344, 107.4131) 2707
"Yalchiki" (55.1667, 48.0000) 2705
"Mullovka" (54.2000, 49.4000) 2702
"Vesëlaya Lopan’" (50.4933, 36.3806) 2696
"Pshada" (44.4700, 38.3996) 2686
"Savasleyka" (55.4606, 42.3208) 2686
"Trudfront" (45.9346, 47.6693) 2680
"Starobzhegokay" (45.0354, 38.8947) 2670
"Agoy" (44.1456, 39.0378) 2662
"Verkhniy Akbash" (43.4708, 44.2494) 2661
"Antipayuta" (69.1000, 76.8667) 2657
"Mednoye" (56.9283, 35.4764) 2645
"Antonovka" (63.2867, 118.4020) 2642
"Al’mukhametovo" (53.0208, 58.7286) 2637
"Bronnitsa" (58.4500, 31.6667) 2627
"Bayanday" (53.0661, 105.5139) 2626
"Ersakon" (44.4293, 41.7741) 2626
"Bakhtemir" (46.1635, 47.8141) 2615
"Ilka" (51.7197, 108.5256) 2610
"Inzhich-Chukun" (44.0589, 41.7858) 2600
"Khiv" (41.7533, 47.9286) 2594
"Solton" (52.8333, 86.4667) 2591
"Khelyulya" (61.7500, 30.6667) 2586
"Vysotskoye" (45.0250, 42.9064) 2577
"Verkhnyaya Teberda" (43.5401, 41.7840) 2575
"Igali" (42.7303, 46.5831) 2559
"Orlik" (52.5100, 99.8211) 2555
"Nizhegorodka" (54.6164, 55.8478) 2541
"Provideniya" (64.4235, -173.2258) 2536
"Psykhurey" (43.8375, 43.5781) 2533
"Trosna" (52.4446, 35.7791) 2530
"Nerchinskiy Zavod" (51.3083, 119.6158) 2528
"Kurashim" (57.6548, 56.6139) 2513
"Severo-Kuril’sk" (50.6833, 156.1167) 2507
"Chokurdakh" (70.6183, 147.8946) 2506
"Selenduma" (50.9131, 106.2406) 2504
"Sheremet’yevka" (55.3833, 51.5333) 2501
"Elburgan" (44.0842, 41.8025) 2498
"Rakhinka" (49.0142, 44.9229) 2493
"Tambovka" (47.3153, 47.3777) 2487
"Tumak" (46.2344, 48.5063) 2485
"Aleksandrovskiy Zavod" (50.9244, 117.9361) 2482
"Vyazovka" (50.8859, 43.9436) 2478
"Novaya Chigla" (51.2233, 40.4781) 2474
"Lazo" (45.8683, 133.6630) 2465
"Bulanikha" (52.7936, 84.9347) 2463
"Tatayurt" (43.5608, 46.9911) 2459
"Leninskoye" (54.8175, 82.8514) 2453
"Bogovarovo" (58.9764, 47.0206) 2450
"Malougrenevo" (52.5583, 85.3394) 2413
"Verkhopenye" (50.9525, 36.2848) 2410
"Medveditsa" (51.0725, 44.8200) 2404
"Borisovka" (43.8000, 131.8167) 2396
"Toora-Khem" (52.4656, 96.1181) 2387
"Nikol’skoye-na-Cheremshane" (54.0511, 49.1794) 2379
"Ovoshchi" (45.3676, 43.3225) 2370
"Sredniy Yegorlyk" (46.3656, 40.8119) 2363
"Sogratl" (42.2817, 46.9917) 2360
"Novoye Selo" (55.5564, 38.1953) 2337
"Iyul’skoye" (56.9190, 53.6065) 2336
"Urada" (42.3855, 46.5605) 2334
"Belyy Klyuch" (54.2178, 48.2959) 2330
"Voznesenovskoye" (45.8057, 43.4148) 2330
"Saskylakh" (71.9653, 114.0923) 2317
"Novoivanovskoye" (43.6400, 43.9561) 2307
"Tindi" (42.4333, 46.1333) 2304
"Nizhneye Sancheleyevo" (53.6767, 49.4278) 2300
"Kommunar" (54.3484, 89.2830) 2299
"Marevo" (57.3167, 32.0833) 2297
"Gonba" (53.4140, 83.5716) 2293
"Spasskoye" (45.0731, 43.6911) 2293
"Germenchik" (43.5402, 46.7251) 2290
"Aglobi" (41.8956, 48.3483) 2288
"Dyachenkovo" (49.9112, 40.5998) 2288
"Kalinino" (57.3285, 56.3325) 2288
"Petrovskoye" (56.2556, 36.4694) 2286
"Krasnoye" (45.1208, 42.4383) 2284
"Malinovka" (56.6933, 85.3369) 2283
"Kamlyuko" (43.7853, 43.2436) 2280
"Byngi" (57.5411, 60.2969) 2277
"Oy" (61.5390, 129.1805) 2266
"Erkhirik" (51.8894, 107.8272) 2261
"Almak" (42.9883, 46.5764) 2260
"Dzhugurty" (43.1650, 46.1786) 2255
"Novaya Derevnya" (44.5305, 41.8551) 2253
"Olginka" (44.1972, 38.8861) 2252
"Bolshetroitskoye" (50.5489, 37.2922) 2250
"Egvekinot" (66.3221, -179.1837) 2248
"Rechitsa" (52.8853, 33.4721) 2241
"Sadovoye" (55.2524, 65.1300) 2240
"Novyy Sharoy" (43.2529, 45.2799) 2237
"Shelayevo" (50.1227, 38.0737) 2233
"Ovsyanka" (55.9583, 92.5720) 2228
"Afipsip" (44.9833, 38.7667) 2225
"Razdol’noye" (45.3311, 41.2969) 2221
"Agachaul" (42.9209, 47.4664) 2215
"Erken-Yurt" (44.4481, 41.9136) 2206
"Bilyarsk" (54.9833, 50.3861) 2204
"Voskresenka" (53.0650, 50.0144) 2201
"Berëzovka" (54.7950, 73.0792) 2200
"Vorontsovka" (46.6528, 38.0786) 2189
"Salmi" (61.3694, 31.8517) 2187
"Gvazda" (50.7600, 40.6600) 2183
"Maloyeniseyskoye" (52.5697, 85.5040) 2181
"Chuvashskiy Suskan" (53.8839, 49.2256) 2181
"Khlynovo" (55.3219, 37.3543) 2177
"Aleksandrovka" (53.3557, 49.4721) 2177
"Kazinka" (45.2992, 42.2025) 2174
"Alekseyevka" (52.2278, 46.3403) 2165
"Balakhani" (42.6331, 46.8885) 2164
"Krasnoye" (50.9300, 38.6825) 2158
"Kamenka" (55.1009, 83.0608) 2153
"Duslyk" (54.5492, 53.7772) 2145
"Sychëvka" (52.0511, 84.7789) 2142
"Zelenogradskiy" (56.1000, 37.9167) 2128
"Gulli" (42.2333, 47.7667) 2126
"Shurskol" (57.1528, 39.2886) 2123
"Lesken" (43.2772, 43.8222) 2123
"Krasnyy Yar" (57.1275, 84.5303) 2119
"Zilga" (43.2333, 44.5333) 2116
"Novyy Vasyugan" (58.5767, 76.4969) 2113
"Staromelovaya" (50.2789, 40.8611) 2109
"Tagay" (54.3061, 47.6283) 2109
"Rudnaya Pristan’" (44.3500, 135.8000) 2107
"Kutisha" (42.4217, 47.2817) 2104
"Solvychegodsk" (61.3333, 46.9167) 2098
"Podsosnovo" (53.3758, 78.9150) 2093
"Novyy Buyan" (53.6848, 50.0402) 2093
"Ismailovo" (55.5597, 54.6303) 2081
"Asen’yevskoye" (55.1229, 36.3045) 2080
"Petrushino" (47.1856, 38.8675) 2069
"Blagovar" (54.5797, 54.9314) 2061
"Vinnitsy" (60.6317, 34.7667) 2059
"Kudara" (52.2264, 106.6589) 2058
"Zhako" (43.9567, 41.7389) 2057
"General’skoye" (51.5925, 46.3422) 2051
"Voskresenka" (55.0811, 74.6248) 2047
"Bol’shiye Klyuchi" (55.9830, 48.8038) 2045
"Zubovo" (54.6186, 55.9050) 2042
"Dal’neye" (46.9931, 142.6733) 2039
"Imeni Poliny Osipenko" (52.4167, 136.5000) 2034
"Pravda" (46.9486, 142.0103) 2031
"Elgyay" (62.4861, 117.5064) 2027
"Voskresenskoye" (53.1233, 56.1467) 2026
"Kedrovyy" (57.5667, 79.5667) 2024
"Evensk" (61.9500, 159.2333) 2024
"Khnov" (41.3767, 47.4450) 2014
"Pomary" (55.9650, 48.3514) 2014
"Verkhniye Belozërki" (53.7275, 49.1739) 2013
"Staraya Ladoga" (59.9987, 32.2970) 2012
"Glinka" (54.6417, 32.8739) 2000
"Komsomolsk" (57.4139, 86.0300) 1997
"Novaya Malykla" (54.2000, 49.9500) 1996
"Gazi-Yurt" (43.2602, 44.8396) 1995
"Shendzhiy" (44.8832, 39.0655) 1993
"Nizhniy Chegem" (43.4442, 43.2739) 1988
"Krasnaya Gorka" (55.3867, 46.1092) 1987
"Orlovka" (43.9919, 43.7856) 1983
"Yelshanka" (51.8139, 46.3997) 1983
"Varvarovka" (44.8353, 37.3725) 1980
"Mamkheg" (45.0111, 40.2190) 1978
"Primorsk" (54.7333, 20.0000) 1971
"Yerbogachën" (61.2833, 108.0167) 1965
"Troitskoye" (51.2760, 41.4906) 1965
"Nechayevka" (53.2725, 44.4672) 1962
"Boyevo" (51.3944, 39.3197) 1961
"Velikomikhaylovka" (50.7750, 37.5917) 1955
"Sosnovka" (48.3383, 135.0752) 1953
"Druzhba" (48.3831, 135.3122) 1946
"Krasnyy Yar" (54.2389, 48.5508) 1942
"Troyekurovo" (52.9759, 38.9777) 1940
"Gorbatov" (56.1333, 43.0667) 1934
"Yendovishche" (51.7214, 39.0149) 1933
"Kumukh" (42.1704, 47.1161) 1930
"Otradnoye" (53.3278, 34.1750) 1927
"Kaysatskoye" (49.7406, 46.8475) 1924
"Esso" (55.9274, 158.7071) 1923
"Ust’-Bol’sheretsk" (52.8239, 156.2789) 1920
"Novaya Zhizn’" (44.8926, 44.0847) 1913
"Valdgeym" (48.6942, 132.9669) 1912
"Derbetovka" (45.8056, 43.0886) 1911
"Zhitnoye" (45.8056, 47.6878) 1902
"Unegetey" (52.1111, 108.5736) 1896
"Elekmonar" (51.4589, 85.9878) 1895
"Dyubek" (42.0275, 47.9692) 1894
"Nurlino" (54.8142, 55.5694) 1892
"Suzha" (51.7764, 107.4689) 1887
"Drovnino" (55.5283, 35.4075) 1886
"Ulyanovka" (44.3006, 42.9272) 1885
"Vylkovo" (53.0772, 81.4181) 1883
"Novotyryshkino" (52.0833, 84.9089) 1880
"Znamenka" (54.1025, 54.3889) 1879
"Moskovo" (55.3192, 55.0850) 1879
"Novikovka" (54.4892, 49.1669) 1879
"Iznoski" (54.9881, 35.3108) 1877
"Podgornoye" (43.5818, 45.4405) 1872
"Afanasyevo" (52.5808, 38.2108) 1872
"Nur-Seleniye" (51.7711, 107.4567) 1871
"Olgino" (44.3306, 44.4039) 1862
"Beringovskiy" (63.0655, 179.3067) 1861
"Poddorye" (57.4667, 31.1167) 1860
"Novyy Frig" (41.8523, 48.3546) 1853
"Ponomarëvka" (55.3975, 55.5566) 1852
"Angasak" (55.6333, 54.8000) 1850
"Starokalmashevo" (55.1242, 54.8253) 1849
"Ostrovnoy" (68.0531, 39.5131) 1847
"Bobrovka" (53.1557, 50.6720) 1842
"Batagay-Alyta" (67.7981, 130.3986) 1835
"Teplovka" (52.0692, 46.1304) 1828
"Maryevka" (52.5578, 49.4447) 1826
"Yugo-Severnaya" (45.7599, 40.2429) 1809
"Krasnooktyabrskoye" (43.8439, 46.6556) 1807
"Adil’-Khalk" (44.3500, 41.9167) 1807
"Soskovo" (52.7458, 35.3864) 1794
"Malyy Kunaley" (50.6003, 107.8331) 1793
"Novomikhaylovskoye" (45.7158, 41.4561) 1791
"Novyy Port" (67.6919, 72.8964) 1790
"Gonokhovo" (52.9485, 81.2986) 1787
"Kuznetsovo" (56.6928, 48.0400) 1787
"Luganskoye" (51.1694, 45.6653) 1778
"Sosnovka" (54.8167, 73.1475) 1778
"Kiyevka" (46.0822, 42.9278) 1774
"Teuchezhkhabl’" (44.8925, 39.5675) 1773
"Tersi" (56.3333, 52.9000) 1772
"Fakel" (57.6350, 53.0250) 1772
"Orongoy" (51.5222, 107.0619) 1760
"Bogoroditskoye" (46.3289, 41.1758) 1746
"Karchag" (41.7741, 48.1623) 1739
"Bolshebredikhinskoye" (43.8972, 46.8561) 1739
"Katyn" (54.7701, 31.6898) 1737
"Malyy Zelenchuk" (44.1639, 41.8678) 1730
"Nizhnyaya Ivolga" (51.7136, 107.1597) 1724
"Lyuksemburg" (43.6500, 46.7333) 1720
"Yablochnyy" (47.1544, 142.0614) 1716
"Malykay" (63.5056, 117.0320) 1714
"Velikoye" (57.3494, 39.7711) 1713
"Il’inka" (53.9017, 87.1675) 1708
"Shardakovo" (43.8653, 43.0992) 1707
"Khamidiye" (43.6733, 44.3736) 1707
"Alekseyevskoye" (45.2056, 43.5819) 1705
"Garovka Pervaya" (48.4094, 135.2181) 1705
"Yakonur" (51.0375, 84.8750) 1699
"Sinegorsk" (47.1717, 142.5172) 1698
"Zaragizh" (43.3244, 43.7106) 1698
"Pavlovka" (51.6797, 46.6869) 1697
"Malyye Yagury" (45.4426, 43.0101) 1697
"Kaladzhukh" (41.3667, 47.9056) 1695
"Borovoye" (54.6944, 82.6303) 1694
"Shum" (59.8722, 31.7819) 1694
"Artëmovsk" (54.3500, 93.4333) 1688
"Abdrakhmanovo" (54.7758, 52.4908) 1687
"Zhukovo" (54.6539, 55.7678) 1685
"Krasnyy Voskhod" (43.8614, 46.6786) 1684
"Vodovatovo" (55.4011, 43.5725) 1681
"Khabaz" (43.7331, 42.9333) 1681
"Dubovka" (45.2240, 42.1662) 1674
"Adanak" (42.7539, 47.4534) 1672
"Karamyshevo" (53.9044, 37.4572) 1672
"Klyuchi" (57.0175, 57.4180) 1671
"Sobolevskiy" (54.3050, 155.9331) 1669
"Assab" (42.4694, 46.4994) 1669
"Malaya Areshevka" (44.0172, 46.8233) 1668
"Kaka" (41.4764, 47.6400) 1667
"Oktyabr’skiy" (54.7640, 55.4863) 1663
"Panakhes" (44.9869, 38.7144) 1660
"Piskaly" (53.6317, 49.8194) 1659
"Nizhniy Chiryurt" (43.1712, 46.8637) 1651
"Yuldybayevo" (52.3414, 57.8767) 1650
"Novoyuryevo" (53.3580, 40.8871) 1649
"Russkaya Borkovka" (53.4776, 49.2808) 1643
"Rugudzha" (42.3606, 46.9139) 1641
"Bolshezadoyevskoye" (43.8669, 46.8267) 1641
"Kikino" (53.1366, 43.7701) 1637
"Vidlitsa" (61.1828, 32.3894) 1632
"Sadovoye" (44.0106, 42.9761) 1627
"Yukhari-Stal" (41.7167, 48.1667) 1625
"Krotovka" (54.3000, 48.1422) 1617
"Sovetskoye" (43.4071, 46.3336) 1616
"Orbelyanovka" (44.2340, 42.8790) 1615
"Krasnyy Yar" (54.8916, 55.9192) 1615
"Podlesnoye" (45.7557, 42.1077) 1611
"Stepnoye" (54.0692, 60.4143) 1610
"Fiy" (41.2853, 47.5650) 1609
"Progress" (43.5889, 39.8292) 1608
"Koporye" (59.7089, 29.0339) 1603
"Nikolskoye" (52.0303, 55.6983) 1600
"Lidoga" (49.5100, 136.8983) 1597
"Karpovka" (48.7047, 43.9767) 1591
"Zenzevatka" (49.8022, 44.5394) 1588
"Zhiguli" (53.3556, 49.2972) 1588
"Ivanayevo" (55.4922, 54.8256) 1584
"Podkolodnovka" (50.0015, 40.6623) 1582
"Zaval’noye" (52.0482, 39.8577) 1582
"Novomikhaylovskoye" (45.2903, 41.0072) 1578
"Baychurovo" (51.3394, 42.6844) 1577
"Taraberdino" (55.0825, 55.3953) 1576
"Kochetnoye" (50.8495, 46.1291) 1573
"Yekimovichi" (54.1129, 33.2965) 1571
"Bayunovskiye Klyuchi" (53.3281, 84.1822) 1569
"Verkhneye Sancheleyevo" (53.7083, 49.5128) 1566
"Bol’shaya Areshevka" (44.1142, 46.9253) 1565
"Severka" (52.1333, 79.2833) 1562
"Bolshesidorovskoye" (45.0316, 39.8388) 1561
"Krasnoarmeyskoye" (43.6372, 44.1244) 1560
"Talashkino" (54.6561, 32.1853) 1559
"Kichmalka" (43.7917, 42.9437) 1556
"Gatlukay" (44.8839, 39.1928) 1555
"Vperëd" (43.8997, 46.7100) 1554
"Tatarskoye Uraikino" (54.4250, 49.2494) 1553
"Sosnovyy Solonets" (53.2878, 49.5350) 1549
"Lesnoye" (56.9331, 67.2453) 1548
"Novokare" (43.6011, 46.9675) 1544
"Sadovoye" (45.2831, 44.6536) 1543
"Izdëshkovo" (55.1333, 33.6333) 1540
"Preobrazhenskoye" (45.0842, 39.6242) 1535
"Aleksandrovka-Donskaya" (50.5164, 40.0727) 1533
"Sanaga" (50.7306, 102.8033) 1531
"Nebyloye" (56.3667, 39.9972) 1528
"Psykod" (43.5969, 43.9969) 1527
"Polovodovo" (59.6575, 57.0708) 1526
"Tsarëv" (48.6657, 45.3733) 1521
"Zubovo" (60.3216, 36.9851) 1518
"Starobelokurikha" (52.0519, 85.0878) 1517
"Ust’-Kuyga" (70.0171, 135.6000) 1517
"Gemetyube" (43.5694, 46.9139) 1516
"Eldikan" (60.8000, 135.1833) 1516
"Akshuat" (53.6759, 47.4377) 1515
"Maydakovo" (56.8975, 41.8217) 1515
"Solnechnaya Polyana" (53.4392, 49.9058) 1512
"Novokizhinginsk" (51.6194, 109.6000) 1511
"Ryazanovo" (53.9800, 49.4085) 1511
"Khosrekh" (41.9939, 47.2706) 1507
"Tashelka" (53.8075, 49.4547) 1505
"Kremovo" (44.0434, 132.2730) 1503
"Krasnosëlovka" (50.1811, 40.8596) 1502
"Kupanskoye" (56.8231, 38.6733) 1502
"Kalinino" (55.6092, 46.8525) 1500
"Rozhdestveno" (50.2285, 38.1809) 1499
"Chertolino" (56.2044, 33.9008) 1498
"Zamyany" (46.8239, 47.6336) 1494
"Buzovyazy" (54.2917, 55.8167) 1492
"Maginsk" (55.7614, 56.9631) 1491
"Golotl" (42.4889, 46.7361) 1491
"Rozhdestvenka" (54.4389, 61.6867) 1489
"Vladimirovka" (44.7897, 37.6744) 1485
"Asyanovo" (55.4444, 54.7192) 1479
"Starokuruchevo" (55.1372, 54.0628) 1478
"Kungurtug" (50.5970, 97.5230) 1474
"Lugovoye" (54.2167, 48.2500) 1472
"Inarkoy" (43.4900, 44.3636) 1470
"Toybokhoy" (62.1828, 116.7642) 1467
"Voznesenovka" (50.4194, 37.0292) 1466
"Nikonovskoye" (55.2811, 38.1592) 1465
"Arshty" (43.1391, 45.1294) 1462
"Yeniseyskoye" (52.5771, 85.5021) 1457
"Kondik" (41.7992, 47.8767) 1457
"Bezymyannoye" (51.3325, 46.4375) 1456
"Anton’yevka" (51.9961, 83.9740) 1456
"Turka" (52.9511, 108.2200) 1450
"Kolyvanskoye" (53.0289, 82.8883) 1449
"Lyakhi" (55.3361, 41.9250) 1448
"Shishkino" (45.0933, 43.1656) 1447
"Kosyakino" (43.9019, 46.6786) 1445
"Musorka" (53.7567, 49.7422) 1443
"Assokolay" (44.8450, 39.4681) 1442
"Lychkovo" (57.9167, 32.4000) 1440
"Arkaulovo" (55.3986, 57.9256) 1439
"Kyzyl-Khaya" (50.0499, 89.8782) 1436
"Khotilovo" (57.7242, 34.0825) 1433
"Neznamovo" (51.2669, 37.9251) 1430
"Dvuluchnoye" (50.0406, 38.0223) 1430
"Bogdanovka" (44.1420, 44.7191) 1428
"Poldnëvaya" (56.2944, 60.2892) 1427
"Znamenskoye" (56.9389, 61.9453) 1427
"Ivanchug" (46.0732, 47.9819) 1423
"Loznoye" (49.2879, 44.4235) 1423
"Sernovodskoye" (43.8586, 44.7825) 1422
"Tomichi" (50.7782, 128.2414) 1419
"Mikhaylovka" (51.9571, 83.8056) 1419
"Pervomayskoye" (43.4394, 46.3458) 1419
"Nizhnyaya Veduga" (51.7421, 38.6527) 1418
"Gonoda" (42.4713, 46.7851) 1417
"Logovskoye" (53.4943, 84.2016) 1417
"Kurba" (57.5613, 39.5018) 1417
"Leninskoye" (50.0401, 45.5432) 1414
"Burashevo" (56.7333, 35.8811) 1412
"Sadovoye" (44.9991, 39.6979) 1410
"Kulikovo" (52.2258, 39.5714) 1409
"Yazhelbitsy" (58.0336, 32.9647) 1402
"Yanshikhovo-Norvashi" (55.5828, 47.5969) 1397
"Staryye Turbasly" (54.9439, 56.1236) 1395
"Ust’-Bryan’" (51.9369, 108.1403) 1395
"Petropavlovka" (55.3930, 59.3270) 1393
"Verkhneusinskoye" (52.2383, 93.0220) 1393
"Vesëloye" (44.5008, 41.8028) 1391
"Barmino" (56.1088, 45.5094) 1391
"Baturino" (57.7545, 85.1702) 1391
"Kvanada" (42.5614, 46.1739) 1388
"Klyuchi-Bulak" (55.5161, 101.6900) 1387
"Khatystyr" (58.9167, 125.1500) 1385
"Rostoshi" (51.5961, 40.9344) 1384
"Tinit" (41.8326, 48.2267) 1384
"Komarovo" (43.5199, 45.0414) 1382
"Treskovo" (52.0463, 106.8900) 1380
"Yemetsk" (63.4719, 41.7802) 1380
"Karpovka" (54.5106, 73.7414) 1380
"Kudara-Somon" (50.1547, 107.4014) 1371
"Novoil’inka" (53.5631, 79.2667) 1369
"Staromunasipovo" (53.2361, 57.5278) 1369
"Yabogan" (50.9078, 85.0706) 1368
"Nes" (66.6019, 44.6760) 1368
"Kazachye" (70.7522, 136.2340) 1367
"Nakhodka" (67.7167, 77.6500) 1365
"Sergiyevskoye" (44.8011, 40.3486) 1364
"Koyanovo" (57.7925, 56.3169) 1361
"Vilovatovo" (56.1725, 46.6014) 1360
"Bayangol" (53.7731, 110.2689) 1351
"Karakoksha" (51.7671, 86.6947) 1351
"Parfënovo" (52.8100, 82.7331) 1349
"Alandskoye" (52.2258, 59.7952) 1349
"Lyubino-Malorossy" (55.2047, 73.0111) 1347
"Vostretsovo" (45.9000, 134.9167) 1347
"Kyusyur" (70.6849, 127.3612) 1345
"Olgino" (54.2678, 71.6811) 1343
"Kazinka" (44.4500, 42.2833) 1342
"Balyktuyul’" (50.7558, 88.0394) 1340
"Arkhipovka" (50.2100, 39.4100) 1336
"Kazmaaul" (43.3653, 46.5978) 1336
"Novoaleksandrovka" (50.0016, 128.2750) 1334
"Staroseslavino" (53.2011, 40.4125) 1333
"Maklino" (54.9909, 36.4667) 1331
"Tilichiki" (60.4333, 166.0486) 1330
"Ashaga-Yarak" (41.8231, 47.9525) 1329
"Nizhniy Batlukh" (42.4833, 46.5167) 1327
"Pervomayskoye" (46.0561, 42.2194) 1325
"Kremenchug-Konstantinovskoye" (43.7908, 43.6483) 1323
"Kenger-Meneuz" (53.6778, 54.4042) 1323
"Iogach" (51.7817, 87.2631) 1322
"Starokuvinskiy" (44.3444, 41.7789) 1321
"Starokucherbayevo" (54.9075, 54.8519) 1309
"Vochepshiy" (44.8725, 39.2831) 1308
"Fominki" (55.9636, 42.3686) 1305
"Degtyarka" (53.3492, 79.3556) 1303
"Gerpegezh" (43.3750, 43.6389) 1301
"Ust’-Usa" (65.9814, 56.9086) 1294
"Novokuskovo" (57.0500, 86.0667) 1292
"Izmaylovka" (43.6306, 39.8264) 1290
"Tsa-Vedeno" (43.0174, 46.0536) 1285
"Vikhli" (42.1272, 47.2214) 1285
"Podseredneye" (50.7125, 38.5603) 1284
"Aleksandrovka" (54.5590, 72.7537) 1284
"Chistoozerka" (52.7708, 80.7774) 1281
"Napol’noye" (55.1258, 46.3531) 1279
"Mordovo-Ozero" (53.9747, 49.6964) 1279
"Ispik" (41.6122, 48.1932) 1277
"Orlovka" (55.0281, 72.4656) 1275
"Blizhneye Borisovo" (56.1864, 43.9361) 1273
"Kirovo" (53.3407, 91.8838) 1272
"Oktyabr’skiy" (58.0854, 52.8665) 1271
"Derevyannoye" (61.6150, 34.6347) 1266
"Dal’niy" (53.1453, 157.6976) 1265
"Ivanovka" (54.4575, 48.8731) 1263
"Gusevka" (49.9095, 44.6905) 1262
"Zhankhoteko" (43.5642, 43.2106) 1261
"Telemba" (52.7303, 113.2889) 1256
"Kiritsy" (54.2832, 40.3577) 1255
"Gegetuy" (50.6453, 105.2214) 1253
"Karmanovo" (56.2306, 54.5333) 1251
"Nizhniy Torey" (50.5342, 104.8278) 1251
"Umët" (50.2822, 45.3364) 1248
"Shubenka" (52.6550, 85.0986) 1248
"Staryye Tuymazy" (54.5458, 53.6194) 1247
"Klyastitskoye" (54.1150, 61.5031) 1245
"Kulikovo" (55.0494, 74.4450) 1244
"Pykhovka" (51.0194, 41.5042) 1243
"Charyshskiy" (52.1555, 83.3030) 1243
"Lavrentiya" (65.5842, -170.9889) 1242
"Kaluk" (41.4700, 47.6533) 1240
"Lizinovka" (50.1228, 39.4594) 1239
"Slavkovichi" (57.6472, 29.0667) 1239
"Turshchunay" (43.5996, 46.6621) 1238
"Zizik" (41.7662, 48.1133) 1238
"Kostromskoye" (47.3131, 142.0233) 1236
"Voznesenskoye" (56.0042, 93.2669) 1236
"Gilevka" (52.8618, 81.1018) 1232
"Ibragimotar" (43.5633, 46.4673) 1232
"Dyakovka" (50.7244, 46.7786) 1232
"Vorga" (53.7517, 32.7631) 1231
"Uldurga" (52.2233, 110.5492) 1231
"Nyutyug" (41.7524, 48.1174) 1231
"Erbek" (51.6538, 94.2100) 1231
"Shekpeer" (51.1690, 90.6800) 1231
"Kaplino" (51.3630, 37.8290) 1229
"Tselinnoye" (51.3291, 94.8059) 1227
"Inyakino" (54.4342, 41.1189) 1224
"Bol’shaya Urya" (56.0267, 95.4819) 1223
"Afonikha" (59.9650, 39.9650) 1223
"Stukovo" (53.2128, 83.3378) 1222
"Zorino" (51.1737, 36.3593) 1222
"Raspopinskaya" (49.4050, 42.8700) 1219
"Voznesenka" (55.7994, 57.9383) 1217
"Bitantsy" (60.9167, 132.1500) 1216
"Morzokh" (43.5686, 43.8403) 1215
"Kraynovka" (43.9763, 47.3765) 1213
"Markovo" (57.0164, 40.5050) 1213
"Krasnyy Yar" (56.1463, 74.6174) 1213
"Kubiyazy" (56.1039, 56.7425) 1212
"Staraya Veduga" (51.8117, 38.4937) 1211
"Yubileynyy" (54.7665, 36.2828) 1210
"Algatuy" (54.3942, 100.1939) 1210
"Ulyap" (45.0608, 39.9475) 1209
"Kostin Log" (52.6644, 82.0300) 1209
"Peniki" (59.9175, 29.6419) 1207
"Peschanoye" (54.2243, 62.0989) 1207
"Tashir" (50.9850, 105.8139) 1206
"Oshtinskiy Pogost" (60.8525, 35.5633) 1204
"Zagustay" (51.9769, 110.7294) 1199
"Russkiy Yurmash" (54.7072, 56.2472) 1198
"Leushi" (59.6228, 65.7511) 1197
"Sorochiy Log" (53.5761, 84.1533) 1195
"Novopoltavskoye" (43.6919, 43.9694) 1194
"Shitkhala" (43.5522, 43.7950) 1192
"Zarechnyy" (57.4694, 42.2844) 1192
"Stegalovka" (52.4136, 38.3111) 1192
"Nugush" (53.0440, 56.4454) 1190
"Belenikhino" (50.9400, 36.6267) 1183
"Mirnoye" (45.2847, 43.6869) 1183
"Ababkovo" (56.0272, 43.1564) 1181
"Aitovo" (53.5272, 54.2069) 1176
"Yel’digino" (56.1158, 37.8067) 1172
"Khotoch" (42.4057, 46.9566) 1172
"Novomikhaylovskiy" (53.9011, 54.1364) 1172
"Rozovka" (44.4450, 43.1333) 1172
"Khindakh" (42.4057, 46.9566) 1170
"Shibertuy" (50.7981, 107.8717) 1167
"Dobrovol’noye" (45.5944, 42.4019) 1167
"Zaledeyevo" (58.6719, 98.8086) 1167
"Yedrovo" (57.9175, 33.6161) 1166
"Vysokoye" (59.6508, 39.8881) 1165
"Romanovka" (53.2147, 112.7800) 1164
"Turag" (41.8603, 47.9740) 1164
"Bol’shoye Uro" (53.5439, 109.8428) 1160
"Novikovo" (52.6222, 85.9639) 1157
"Nezhegol" (50.4298, 37.0167) 1156
"Afanasyevka" (50.7859, 38.5998) 1156
"Tugozvonovo" (52.0731, 82.6003) 1156
"Ogorodtakh" (62.4439, 130.1306) 1156
"Golubino" (50.8257, 37.7788) 1154
"Vasilchuki" (52.2722, 78.9511) 1154
"Evoron" (51.3917, 136.3367) 1153
"Chërkëkh" (62.1861, 133.2292) 1152
"Yelizavetinka" (51.7722, 59.7335) 1149
"Verkh-Anuyskoye" (52.2078, 84.5922) 1148
"Uryung-Khaya" (72.8119, 113.2322) 1147
"Belsk" (52.8711, 103.0780) 1144
"Novaya Balkariya" (43.6517, 44.1758) 1142
"Perlëvka" (51.8497, 38.8550) 1139
"Zhemchug" (51.6889, 102.4586) 1138
"Porechye" (55.7142, 35.5467) 1138
"Terskol" (43.2478, 42.5197) 1138
"Cherbi" (51.9000, 94.6000) 1136
"Baykibashevo" (55.8072, 56.5775) 1133
"Tatil" (41.9879, 47.9951) 1132
"Staryy Studenets" (54.8821, 48.2613) 1132
"Ushaki" (59.4772, 30.9986) 1130
"Mayskoye" (52.2725, 50.0339) 1128
"Zhuravlevo" (54.7844, 85.0625) 1127
"Verkhniy Fiagdon" (42.8333, 44.3000) 1124
"Kamyshovka" (48.5509, 134.6062) 1123
"Verkhoyansk" (67.5500, 133.3833) 1122
"Lipovka" (51.5493, 47.4043) 1122
"Karamaly-Gubeyevo" (54.3511, 54.0581) 1120
"Bazhenovo" (53.9750, 53.9014) 1120
"Tazlarovo" (52.1492, 56.6814) 1119
"Chernolesovskiy" (54.8586, 55.8172) 1118
"Kashary" (52.4667, 38.9500) 1118
"Mozhayka" (52.4119, 110.7853) 1117
"Dzherokay" (44.9933, 40.3113) 1116
"Vysotsk" (60.6167, 28.5667) 1115
"Andreyevka" (54.1478, 48.8406) 1115
"Sosnovka" (54.1017, 46.6433) 1113
"Chesmenka" (51.2903, 40.1703) 1112
"Shabur" (51.4681, 108.3117) 1112
"Yasnoye" (50.6381, 142.7133) 1111
"Vasil’yevskoye" (56.9317, 41.6639) 1110
"Shemi" (51.1597, 91.2922) 1110
"Irib" (42.1614, 46.8183) 1106
"Orada Chugli" (42.4939, 47.2236) 1105
"Novyye Kiyeshki" (54.3378, 56.4306) 1105
"Gusevo" (53.2678, 58.7375) 1102
"Ivanovka" (55.1315, 75.2151) 1101
"Novoyarki" (53.5955, 80.8745) 1100
"Otyassy" (53.2389, 41.6500) 1099
"Poldnëvoye" (45.8530, 47.9560) 1097
"Staryy Kurdym" (56.2519, 55.4867) 1095
"Bratki" (51.5899, 41.4849) 1095
"Bayki" (55.8417, 56.8144) 1095
"Dyrestuy" (50.6581, 106.0695) 1095
"Novonagayevo" (55.9222, 54.2439) 1093
"Kakhib" (42.4292, 46.5987) 1092
"Chumikan" (54.7000, 135.3000) 1091
"Pushkino" (52.3275, 40.3656) 1091
"Tidib" (42.3911, 46.5771) 1090
"Klyuchi" (56.3000, 160.8500) 1089
"Bayangol" (50.6994, 103.4714) 1087
"Khotmyzhsk" (50.5917, 35.8706) 1086
"Bakhilovo" (53.4017, 49.6322) 1086
"Panteleymonovka" (45.6375, 133.5917) 1086
"Gafurovo" (54.5250, 53.6961) 1083
"Yelan" (50.5400, 107.3333) 1082
"Vasilyevka" (52.9936, 49.3260) 1082
"Kuterem" (55.9919, 54.5197) 1081
"Kepteni" (62.7833, 130.7500) 1081
"Nagornoye" (43.4171, 45.1803) 1081
"Batlaich" (42.5545, 46.7537) 1081
"Syrostan" (55.0633, 59.9003) 1079
"Khoredzh" (41.7481, 47.8669) 1079
"Voronok" (52.3625, 32.6711) 1076
"Kuptsovo" (50.3169, 45.0036) 1075
"Bryansk" (52.0261, 106.8483) 1075
"Tarasovo" (56.2534, 54.1116) 1075
"Kokhanovskoye" (43.8369, 46.9708) 1071
"Tyumenyak" (54.6836, 53.7947) 1070
"Verkhososna" (50.7266, 38.2372) 1069
"Bzhedugkhabl" (44.9767, 39.7069) 1068
"Ilchimbetovo" (54.6389, 53.5744) 1067
"Ablayevo" (54.9745, 54.8370) 1067
"Mirnyy" (54.6983, 54.8722) 1067
"Okino-Klyuchi" (50.5989, 107.1033) 1066
"Staroye Sindrovo" (54.4200, 44.1100) 1066
"Akutikha" (52.4339, 84.4744) 1063
"Ulyun" (53.8272, 109.9103) 1061
"Berëzovka" (51.1808, 45.9169) 1060
"Abram-Tyube" (44.3058, 45.2717) 1059
"Marushka" (52.8764, 85.4970) 1059
"Ust’-Egita" (52.3336, 110.6114) 1058
"Nizhnesikiyazovo" (56.1214, 55.9003) 1058
"Pshicho" (45.0618, 40.1764) 1057
"Sovetskoye" (43.5982, 46.6955) 1057
"Burkikhan" (41.8078, 47.5375) 1056
"Shumash" (54.6675, 39.8133) 1056
"Komsomol’skoye" (50.7792, 47.0444) 1056
"Kosoy Brod" (56.4792, 60.3275) 1055
"Levaya Rossosh’" (51.3339, 39.4017) 1054
"Suyerskoye" (56.2540, 66.0300) 1053
"Ulekchin" (50.4775, 104.2869) 1052
"Novo-Nikol’skoye" (56.5667, 37.5333) 1048
"Belozerye" (54.3325, 47.1678) 1040
"Stan-Bekhtemir" (52.6067, 85.6261) 1038
"Bezengi" (43.2128, 43.2794) 1038
"Pervomayskoye" (55.0793, 47.3726) 1037
"Kabykhabl’" (45.0430, 40.1784) 1035
"Novomikhaylovka" (53.2529, 91.5673) 1034
"Gruzskoye" (50.5080, 35.9740) 1033
"Dzhalykovo" (45.6083, 47.4336) 1032
"Zavety Il’icha" (51.3531, 46.4289) 1032
"Shchuch’ye" (50.9381, 39.7386) 1029
"Klimovo" (55.3606, 47.2219) 1029
"Dëmskiy" (53.5381, 54.4550) 1028
"Staryy Togul" (53.4292, 85.9006) 1026
"Semënovka" (50.4867, 45.3203) 1023
"Melensk" (52.6333, 32.9294) 1021
"Rovdino" (61.6867, 42.5414) 1021
"Shumyatino" (54.9946, 36.3462) 1021
"Ureno-Karlinskoye" (54.2938, 47.2526) 1020
"Khasanay" (43.6303, 46.7104) 1017
"Dede-Ichetuy" (50.7333, 105.4333) 1015
"Kidysh" (54.1499, 60.0895) 1014
"Alekseyevka" (53.5522, 61.4583) 1013
"Beloozërsk" (50.6536, 105.7158) 1011
"Natal’ino" (55.5311, 42.5194) 1010
"Abalak" (58.1297, 68.5975) 1009
"Yerakhtur" (54.7047, 41.1356) 1008
"Saidkent" (41.7000, 48.1136) 1007
"Yumashevo" (52.5053, 57.9436) 1006
"Podlopatki" (50.9181, 107.0967) 1006
"Kyrlyk" (50.8053, 84.9447) 1006
"Apsua" (44.4500, 41.7936) 1006
"Kalinniki" (55.2431, 55.7469) 1005
"Komarikha" (51.9242, 82.7169) 1002
"Yuryevo" (55.1514, 74.2029) 1002
